50
1:50054
4:0
24832:34407
24932:5892
24935:315
24942:2794
25088:8589
25191:6
25344:25384
25600:47421
25703:125
25856:25
26112:17222
26624:47
26880:4765
27136:9292
27392:904
27648:6127
27904:41073
28007:6
28160:231515
28263:4482
28274:19981
28275:21179
28276:3120
28280:391
28282:2372
28416:72
28672:39865
28928:24188
29184:32332
29287:10
29440:3780
29696:20642
29799:480
29952:74703
30052:0
30055:0
30058:0
30060:0
30070:0
30074:0
30208:184606
30308:494
30311:1842
30318:41630
30464:172839
30976:1900
31079:1
31232:1337
0 0 654 176 12 19 247 0 2737 1698 8 11 211 4 190 581 0 456 2881 1 6048 24 3387 2475 2323 22 132 3 5295 11 6951 0 164 3550 27 16 0 0 0 0 0 0 5311 4 50 436 3878 2 0 59
0 0 0 0 0 0 0 0 0 0 0 0 0 0 0 0 0 0 0 0 0 0 0 0 0 0 0 0 0 0 0 0 0 0 0 0 0 0 0 0 0 0 0 0 0 0 0 0 0 0
0 173 838 8 6 126 64 0 451 295 2 0 84 0 11 75 4 114 895 0 10924 139 53 120 4 1 9 0 296 256 95 0 17 45 4 9199 0 0 0 0 0 0 930 3 11 2270 6489 363 0 33
0 0 72 35 0 0 1 0 1 78 0 0 3 0 5 2 0 19 4 0 3 0 0 0 0 0 0 0 124 0 5 0 0 1 1 0 0 0 0 0 0 0 5476 5 21 2 34 0 0 0
0 6 10 0 1 0 1 1 10 8 0 0 2 0 0 0 0 1 4 0 54 15 2 1 0 0 0 0 2 0 2 0 0 0 0 18 0 0 0 0 0 0 57 0 7 1 109 3 0 0
0 37 10 5 0 46 0 0 229 113 0 0 37 0 7 0 0 3 13 0 233 6 2 2 1 0 0 0 23 1 5 0 0 0 1 170 0 0 0 0 0 0 258 0 0 211 1374 7 0 0
0 3 96 1 1 59 146 0 41 19 0 0 78 0 4 49 0 39 67 0 5453 19 3 61 37 5 12 0 17 3 26 0 18 7 0 824 0 0 0 0 0 0 120 0 3 790 580 5 0 3
0 1 1 0 0 0 0 0 0 0 0 0 0 0 0 0 0 0 0 0 1 0 0 0 0 0 0 0 0 0 0 0 0 0 0 0 0 0 0 0 0 0 1 0 0 1 1 0 0 0
0 1 995 182 6 141 289 0 103 1499 2 0 98 9 124 235 0 233 642 0 6436 29 309 865 479 14 47 1 1408 10 1129 0 141 296 7 20 0 0 0 0 0 0 6160 12 45 1785 1603 0 0 29
0 5 5985 469 42 2 61 0 94 3990 17 0 46 0 418 15 1 304 792 1 309 19 23 37 11 3 1 4 3509 15 297 0 8 74 4 260 0 0 0 0 0 0 29582 33 358 35 524 10 0 63
0 0 40 0 2 0 0 0 0 2 0 0 0 0 0 0 0 1 6 0 2 0 0 0 0 0 0 0 3 0 1 0 0 5 0 0 0 0 0 0 0 0 59 0 3 0 1 0 0 0
0 0 0 0 0 0 0 0 0 0 0 1 0 0 0 0 0 0 0 0 0 0 0 0 0 0 0 0 0 0 0 0 0 0 0 1 0 0 0 0 0 0 1 0 0 0 22 0 0 0
0 26 185 143 3 13 43 0 132 1212 2 0 79 0 70 31 1 88 676 0 1213 25 24 101 22 1 3 2 413 35 203 0 19 16 0 1930 0 0 0 0 0 0 4256 12 39 169 5993 21 0 21
0 0 2 0 0 0 2 0 0 0 0 0 0 0 0 5 0 1 0 0 28 0 0 1 1 0 1 0 0 0 0 0 0 0 0 0 0 0 0 0 0 0 1 0 0 5 0 0 0 0
0 43 6 5 1 0 2 0 40 66 3 0 42 0 17 2 2 8 13 1 66 4 4 5 1 0 1 0 61 5 8 0 2 3 1 1267 0 0 0 0 0 0 289 0 5 8 2753 28 0 3
0 27 107 42 0 5 263 0 193 278 0 0 239 0 10 991 4 30 446 0 2657 15 14 42 3 1 4 0 248 6 83 0 41 69 1 477 0 0 0 0 0 0 1288 10 5 479 1211 1 0 2
0 1 27 11 1 0 3 0 14 150 0 0 1 0 21 0 0 10 5 0 22 1 1 0 0 0 0 0 96 0 14 0 10 12 0 82 0 0 0 0 0 0 303 1 1 1 113 2 0 1
0 41 65 23 1 8 5 0 161 186 0 0 96 0 12 11 0 26 55 0 556 15 15 13 4 0 0 0 100 1 44 0 8 13 0 1082 0 0 0 0 0 0 589 4 6 173 2789 25 0 0
0 294 1446 19 12 50 139 1 115 327 0 0 236 1 63 74 0 70 2585 0 6763 277 27 207 27 5 41 1 223 21885 50 0 24 70 13 531 0 0 0 0 0 0 2031 0 27 361 3037 12 0 29
0 0 1 0 0 0 0 0 0 0 0 0 0 0 0 0 0 0 0 0 2 0 0 0 0 0 0 0 0 0 0 0 0 0 0 0 0 0 0 0 0 0 3 0 0 0 0 0 0 0
0 1604 4100 1343 37 418 1081 1 8418 12446 33 1 7907 2 819 583 817 870 4275 0 39095 658 5531 559 229 33 81 13 6366 71 1502 1 405 1373 24 21259 0 0 0 0 0 0 34872 145 279 12113 61562 329 0 260
0 49 81 13 12 0 5 0 62 177 2 0 78 0 9 8 3 15 93 0 518 52 15 52 175 0 1 1 146 4 33 0 1 83 2 221 0 0 0 0 0 0 790 1 16 38 1707 14 0 5
0 836 113 66 0 0 69 0 454 844 1 0 39 0 56 7 3 39 250 0 2320 38 444 18 121 0 3 1 1174 2 124 0 45 619 1 1081 0 0 0 0 0 0 3850 7 367 29 6937 9 0 14
0 77 237 101 2 18 183 0 504 696 0 0 422 0 26 144 0 80 752 0 6080 66 90 1033 23 4 52 0 582 10 251 0 227 1552 6 1976 0 0 0 0 0 0 2876 7 14 387 2686 9 0 6
0 4 14 10 0 7 175 0 71 74 0 0 28 0 3 2 0 9 40 0 726 9 8 795 21 0 0 0 149 0 23 0 3 50 0 131 0 0 0 0 0 0 380 1 1 56 330 0 0 0
0 0 7 1 0 0 4 0 3 7 0 0 3 0 1 0 0 0 6 0 138 2 0 0 0 0 1 0 6 5 1 0 1 0 0 27 0 0 0 0 0 0 19 0 0 14 145 0 0 0
0 7 25 5 0 0 21 0 40 37 0 0 26 1 4 5 4 6 51 0 717 5 2 14 2 8 7 0 25 2 15 0 1 8 0 134 0 0 0 0 0 0 149 0 3 27 1019 0 0 2
0 1 2 0 0 0 0 0 0 2 0 0 0 0 0 0 0 0 4 0 8 0 0 0 0 0 0 4 0 0 0 0 0 0 0 18 0 0 0 0 0 0 14 0 0 1 18 0 0 0
0 4 1352 179 3 42 556 0 10 661 1 0 409 2 137 966 0 308 2067 1 11518 109 831 3735 1722 25 128 3 458 24 4174 3 760 2747 36 29 0 0 0 0 0 0 5230 10 35 861 678 0 0 51
0 95 1287 46 7 64 386 1 127 606 0 0 1201 2 100 265 0 138 702 0 7849 74 41 196 98 10 70 0 351 22 133 0 59 107 8 1196 0 0 0 0 0 0 2171 5 23 771 5873 46 0 58
0 23 967 195 13 42 175 0 312 3127 2 0 175 3 220 125 0 205 1940 0 6683 531 19 690 20 2 22 4 1664 1022 525 0 134 246 4 2402 0 0 0 0 0 0 8160 12 29 772 1745 60 0 62
0 0 0 0 0 0 0 0 0 2 0 0 0 0 0 0 1 0 0 0 0 2 0 0 0 0 0 0 0 0 0 1 0 0 0 1 0 0 0 0 0 0 0 0 0 0 3 0 0 0
0 12 71 8 0 5 31 0 34 220 1 1 21 0 19 12 0 22 156 0 1031 14 0 18 4 1 5 4 35 4 34 0 18 4 2 449 0 0 0 0 0 0 752 3 2 135 636 5 0 11
0 90 204 97 3 3 33 0 104 929 0 0 1001 0 25 98 0 46 472 0 2892 244 74 295 79 5 20 0 1399 7 305 0 38 4581 125 1093 0 0 0 0 0 0 2776 3 13 215 3355 9 0 9
0 7 2 2 0 0 0 0 2 47 0 0 5 0 1 1 0 1 7 0 26 5 2 2 0 0 1 0 43 1 1 0 0 16 33 27 0 0 0 0 0 0 98 0 7 3 137 2 0 1
0 27 5303 91 26 834 1405 0 66 1353 4 0 220 5 382 598 0 498 5572 0 32136 520 718 1476 656 46 198 8 629 119 1602 0 336 616 44 208 0 0 0 0 0 0 5262 20 47 9159 4267 34 1 217
0 0 0 0 0 0 0 0 0 0 0 0 0 0 0 0 0 0 0 0 0 0 0 0 0 0 0 0 0 0 0 0 0 0 0 0 0 0 0 0 0 0 0 0 0 0 0 0 0 0
0 0 0 0 0 0 0 0 0 0 0 0 0 0 0 0 0 0 0 0 0 0 0 0 0 0 0 0 0 0 0 0 0 0 0 0 0 0 0 0 0 0 0 0 0 0 0 0 0 0
0 0 0 0 0 0 0 0 0 0 0 0 0 0 0 0 0 0 0 0 0 0 0 0 0 0 0 0 0 0 0 0 0 0 0 0 0 0 0 0 0 0 0 0 0 0 0 0 0 0
0 0 0 0 0 0 0 0 0 0 0 0 0 0 0 0 0 0 0 0 0 0 0 0 0 0 0 0 0 0 0 0 0 0 0 0 0 0 0 0 0 0 0 0 0 0 0 0 0 0
0 0 0 0 0 0 0 0 0 0 0 0 0 0 0 0 0 0 0 0 0 0 0 0 0 0 0 0 0 0 0 0 0 0 0 0 0 0 0 0 0 0 0 0 0 0 0 0 0 0
0 0 0 0 0 0 0 0 0 0 0 0 0 0 0 0 0 0 0 0 0 0 0 0 0 0 0 0 0 0 0 0 0 0 0 0 0 0 0 0 0 0 0 0 0 0 0 0 0 0
0 661 6934 851 69 739 1741 1 2087 4937 19 0 2440 13 825 1736 13 1119 10978 1 34184 1103 1294 4285 1411 52 305 6 6630 516 7086 3 796 1843 53 23971 0 0 0 0 0 0 30494 109 182 4717 29425 814 0 163
0 0 10 15 0 0 0 0 0 28 0 0 1 0 0 0 0 1 0 0 4 0 0 0 0 0 0 0 3 0 0 0 0 0 0 3 0 0 0 0 0 0 409 2 0 2 16 0 0 0
0 6 58 1 6 7 14 0 16 25 0 0 8 0 8 35 2 5 81 0 426 54 10 62 8 0 2 1 64 2 60 0 4 55 4 52 0 0 0 0 0 0 216 0 5 21 516 5 0 3
0 262 278 107 0 54 134 0 2136 1152 0 0 1109 0 54 35 1 72 168 0 15032 106 10 32 5 2 3 0 316 2 89 0 51 42 2 2593 0 0 0 0 0 0 2682 13 8 3254 11793 25 0 8
0 45644 2787 1642 48 88 1308 1 6614 10117 28 11 872 5 1115 1643 48 1205 4334 1 21283 296 7026 4985 3197 151 1193 16 8033 151 7460 2 445 2540 75 1607 0 0 0 0 0 0 26564 72 224 2310 7438 42 0 218
0 26 0 0 0 0 0 0 0 2 0 0 1 0 0 0 0 0 0 0 3 0 0 0 0 0 0 0 0 1 1 0 0 0 1 0 0 0 0 0 0 0 4 0 1 0 1845 15 0 0
0 0 0 0 0 0 0 0 0 0 0 0 0 0 0 0 0 0 0 0 0 0 0 0 0 0 0 0 0 0 0 0 0 0 0 0 0 0 0 0 0 0 0 0 0 0 1 0 0 0
0 13 35 0 1 4 2 0 16 11 0 0 5 0 2 0 0 2 41 0 302 2 1 5 0 0 0 0 15 0 1 0 4 3 1 396 0 0 0 0 0 0 185 0 5 9 267 3 0 6
