双数组的头节点对应的位置
22823	159
20919	80
32517	468
22825	160
20912	78
22826	161
20914	79
32537	469
28201	374
31574	454
25343	255
28205	375
26297	284
29632	411
22840	162
28197	373
23882	199
36335	554
25289	252
22799	157
22797	156
39069	623
29682	414
36890	564
25308	254
29677	413
25307	253
20872	77
20869	76
22810	158
29664	412
20864	75
28165	372
36234	553
22880	166
69	2
29595	408
70	3
40120	631
22885	167
65	0
66	1
34074	522
77	5
73	4
29577	407
33098	484
20973	85
26354	285
20975	86
20960	83
26364	286
27178	325
36981	566
32599	470
20964	84
29627	410
30707	438
22855	163
28251	378
31526	452
28248	377
23815	198
28246	376
22857	164
27167	324
22862	165
36930	565
31532	453
105	6
25242	251
29611	409
118	8
20937	81
114	7
21888	135
20940	82
40065	630
37026	569
37027	570
36164	547
24034	201
37030	571
26157	279
25196	249
24041	202
32650	471
37039	572
26149	278
32654	472
37043	573
30473	437
24052	203
37045	574
28327	379
38134	592
36190	549
37049	575
25215	250
36187	548
34241	524
36196	551
26126	276
25152	246
26124	275
36195	550
25166	247
26114	273
22914	168
26118	274
38081	590
36203	552
38108	591
37011	567
26131	277
37019	568
20747	65
21830	134
24029	200
25176	248
20848	72
39039	622
26222	281
20851	73
26223	282
39034	621
20852	74
39033	620
31616	455
35140	530
38054	589
37108	577
28390	383
28385	382
26234	283
37117	578
20843	69
20845	71
28392	384
20844	70
36125	542
28373	381
20822	68
26187	280
34224	523
25096	243
22982	169
21776	133
35199	531
25104	244
37073	576
36149	543
38047	588
28353	380
32752	473
23004	171
36153	544
20811	67
25115	245
20809	66
36154	545
36158	546
33258	485
22996	170
27494	328
30343	430
28463	386
30340	429
21733	132
32769	474
28448	385
38271	596
32771	475
23665	194
26531	301
31302	448
25581	259
23663	193
37167	580
28467	387
32786	476
22570	151
33889	515
26519	298
21704	131
27468	327
25552	258
26524	299
33899	516
26525	300
30382	431
38215	595
39318	624
37122	579
39321	625
23621	192
32822	477
28526	392
23612	191
26611	305
27431	326
32842	478
30410	432
33805	512
38177	593
30422	434
26597	303
38182	594
30416	433
23588	190
26604	304
30424	435
21688	130
28493	388
22612	152
23578	189
33829	513
21644	129
33832	514
37202	581
23569	188
22622	153
30452	436
28508	390
23567	187
28510	391
28504	389
26575	302
25463	257
21608	127
37300	582
32903	479
34013	520
28595	394
26408	290
31435	450
22696	155
21628	128
26412	291
26413	292
23784	197
29275	404
29273	403
32435	461
34028	521
22686	154
29281	405
26397	289
28548	393
32933	480
32943	481
32445	462
26388	287
26391	288
32418	459
32422	460
35937	540
27611	331
27604	329
27605	330
35946	541
31456	451
29305	406
20505	62
21551	125
26494	297
23731	196
28654	395
33922	517
26480	296
33945	518
35843	538
26477	295
25386	256
21556	126
32461	463
31361	449
26469	294
32501	466
21517	122
32500	465
21516	121
26460	293
20547	63
21513	120
23697	195
21512	119
37329	586
32993	482
32511	467
37340	587
35874	539
33014	483
37319	583
32485	464
30333	427
29233	402
30334	428
30331	426
33970	519
21525	124
37324	584
37325	585
34914	529
21520	123
20572	64
34913	528
26705	313
36842	563
26704	312
21407	111
38471	603
38470	602
40657	640
33589	501
20083	30
40660	641
32034	458
27665	332
32032	457
26690	311
35767	532
25746	261
38485	604
22467	148
40654	639
33579	500
35774	535
40644	638
35768	533
35769	534
24403	227
21380	110
20061	27
24429	228
20063	29
36808	560
20062	28
27704	333
22524	150
20052	26
24800	239
36801	559
20048	25
22522	149
20044	23
20045	24
36830	562
20041	22
31062	440
26726	314
38517	605
36816	561
33538	499
31070	441
21414	112
26646	307
20025	20
38406	597
27743	337
21465	115
20029	21
24713	238
27741	336
39640	628
20016	18
24320	224
33655	505
21457	114
27733	335
20020	19
20010	16
36797	557
36798	558
21452	113
27721	334
20013	17
38428	598
35832	536
23391	176
35834	537
33635	503
23389	175
33637	504
24343	225
26635	306
40635	637
19996	15
36745	555
27774	341
24352	226
26684	310
26681	309
21488	118
19988	14
27752	340
19977	11
19978	12
38450	599
38451	600
36763	556
19981	13
40614	636
21476	116
27744	338
38463	601
21477	117
19971	9
33606	502
27748	339
26666	308
19975	10
23433	178
21270	96
33713	509
21271	97
20208	45
38593	607
23425	177
31206	447
30002	423
38597	608
20219	46
38598	609
27801	346
23450	179
22350	146
20197	43
26825	319
27781	344
27779	343
23453	181
21253	94
27777	342
23452	180
21256	95
20202	44
33707	508
27784	345
40560	634
29976	422
27827	348
24681	237
23459	182
40575	635
20185	42
33670	506
31192	446
27815	347
20161	39
20160	38
23487	183
40548	633
31185	445
33678	507
22374	147
20174	41
38647	610
20171	40
24571	232
21335	102
20147	37
33778	511
23500	185
38543	606
22303	142
24576	233
21329	101
27861	351
23494	184
21338	103
28966	401
24464	229
31163	444
21315	99
24594	234
31161	443
21313	98
21326	100
27850	350
24605	235
26757	316
27849	349
26753	315
20140	36
27888	353
39547	627
30041	425
20113	32
25705	260
31119	442
21360	107
20116	33
21361	108
20117	34
24609	236
21363	109
22320	145
27896	354
26805	318
20122	35
23551	186
27874	352
22317	144
21345	104
30028	424
40481	632
24503	230
39532	626
21346	105
22307	143
26791	317
33743	510
28937	400
24509	231
20108	31
21355	106
38738	613
20332	55
38742	614
26000	267
28909	399
20329	54
38750	615
23041	172
25991	265
23044	173
27931	355
26970	320
22235	138
20339	56
25995	266
21162	92
27950	358
24191	210
26976	321
24189	209
27946	357
22240	139
26032	269
20294	51
21152	91
27941	356
24179	208
34382	525
27966	359
33311	488
33310	487
28895	398
20315	53
20313	52
21171	93
26031	268
22270	141
22266	140
33298	486
29926	421
27982	360
20271	50
27983	361
31859	456
24085	206
20262	49
27993	362
33406	489
24076	205
40857	643
38669	611
24067	204
20234	47
24120	207
38712	612
23162	174
28006	363
20250	48
26080	270
26087	272
26085	271
28023	364
29916	420
28037	365
20449	61
24917	242
33453	494
33452	493
28783	396
29756	417
40784	642
28789	397
21015	87
27103	323
24904	241
21018	88
33469	495
28063	366
25856	262
24265	219
24266	220
24311	222
24310	221
20420	59
29705	416
29701	415
21033	89
30928	439
22114	137
24314	223
38902	619
38889	618
33426	490
34527	527
33436	491
33437	492
28095	367
20445	60
38886	617
22025	136
24208	213
24211	214
24213	216
33510	497
24212	215
28100	368
39745	629
27014	322
20399	58
24222	217
25942	263
38797	616
33521	498
24196	211
21073	90
24198	212
24847	240
34444	526
28129	369
24247	218
28142	370
33487	496
29785	418
28145	371
29790	419
25958	264
20381	57