word	midpos	......	midpos
28216	3246	4197
35201	3328
22823	721	806	814	1017	1507	2441	2583	3223	3624	4190	5037	5172
26280	2286
20919	4453
20918	1628
22825	1961	1104
22827	1262	2422	2363	2452	3377	2773	3353	3381	3549	4089	4212	4236	4331	4467	4501	4633	4913	4947	5306	5422	5463	5588
22826	1407	3232
31572	2044	4024	4643
22836	1001	1281	1337
28201	2578	3364	4209	4296
31574	4142	4009
33033	5519
22839	2246	2605
25343	808	1968	3889	4497
28207	1285	2146	2676	2558	2575	2955	3145	3170	3589	3608	3686	4304	4337	3751	3837	3950	4241	4297	4551	4737	4840	4872	4909	4992	5062	5236	5259	5272
28192	2958
29632	4978	5429
34164	1584
36335	1102	1818	3180
20892	1868	2882
25289	853	931	865	872	805	1233	1216	828	1236	812	1463	1250	1456	1531	1965	1740	1829	1146	1009	1827	1389	2055	2307	1885	1714	2333	2415	2051	2622	2114	2093	2623	2340	2429	3051	2920	2472	2524	2596	2630	2639	2651	2701	2724	2811	2845	2846	2848	2925	2965	3012	3135	3153	3160	3196	3218	3229	3231	3237	3240	3244	3262	3371	3267	3340	3578	3362	3479	3564	3565	3604	3614	3653	3655	3674	3715	3718	3725	3737	3784	3806	3813	3852	3859	3863	3875	3936	3959	3995	4040	4063	4133	4087	4088	4223	4106	4111	4117	4126	4131	4141	4283	4202	4419	4253	4277	4320	4390	4357	4391	4412	4430	4450	4460	4500	4513	4602	4638	4680	4683	4692	4695	4735	4789	4823	4855	4870	4927	4930	5011	5013	5014	5039	5086	5116	5128	5140	5149	5164	5187	5190	5196	5214	5287	5313	5316	5335	5342	5358	5402	5496	5577	5580
33073	2464
22799	664	1013
40	2489	3228	3422	4084	4361	4495	4896	5022	5090	5193	5198	5292	5457	5531
41	4763	4967	5018	5487	5489	5506	5553	5555	5578	5579	5590	5591	5599	5602	5613
47	4012
39068	2504
45	2841	3873	3929
28180	1242
40140	1712
25308	2342	3053	4152	4744	5547
36890	1367	1105	3734
29677	1155	1617	1069	1825	2815	4240	4650
20872	681	1442	1488	2517	2930
39046	1453
39047	5194
36895	1323	3481
20869	740	1040	1280	838	1179	1151	1492	1614	2875	2723	2993	3126	3169	3336	3498	3502	3632	3940	3954	4019	4048	4816	4834	5374
36884	1263
22810	759	1484	1126	1735	1523	1079	1169	2182	2239	2674	2691	3137	3363	3459	3684	3805	3842	4004	4118	4206	4435	4530	4539	4969	5071	5078	5263	5363	5382	5395
29664	2155	3804
28165	879	1027	1784
36234	3948
29595	1734	3007	3309	3439
28286	1334	2543	2343	4860	5216
22885	1493	1378	1061	3125	3536	3884	4032	4266	4284	4294	4403	4461	4554	4582	4779	5115	5373
35266	4658
65	2362	2375	5199	5420
66	2371
76	645	4710
20976	778
78	3775
36965	1717
72	3759	5207	5538
73	3768
29577	813
22899	874
35282	1800	3076	2885	3090	3650	4014	4521	5435
33098	990	4857
83	4705	4719
26354	2412
20975	823	1067	1391	3277	3451	3456	5032
82	647	649	5592
23860	4112
20960	3983	5099
26364	1815	1185	2657	3085	2582	3055	3355	4526
32597	4033	4171
20961	2887
32599	982	913	1090	894	1434	768	2183	2047	1369	1227	1026	2124	2045	1306	2007	2494	2692	1762	2551	2546	2374	3269	2686	2810	3068	3074	3092	3204	3241	3248	3281	3407	3394	3416	3431	4154	4306	4134	4169	4226	4599	4645	4662	4672	4729	4871	5334	5451	5530
30710	3640
23822	3132
101	653	3777	4711	5303	5537	5539
22855	705	3025	3574	4122	5034	5077	5218	5300
30707	1303	1682	1686	1848	2526	2878	3157
99	4941	5417
40092	1349
97	646	3776	3778	5208	5209
28248	884
110	651	2369	3022	4720	4722	5203	5593
111	652	2372	3779	4709
28246	910	1299	1432	1874	2508	3630	4478
108	648	2376	4721
109	2380
22856	1708	1727
23811	2128
22862	3911
107	3766	5202	5421
31532	5135	5302
105	650	4196
21892	1472	2197	4915
22865	5486
116	2378
20937	1004
29615	5360
22871	4817
114	2381	3769
22868	4550
21888	776	1936	1238	2506	3823	4155	4135
22869	4613
27146	2039
23830	1915
40065	1231	1172	1224	1183	1594	786	2118	1767	2167	2263	1580	1687	3000	2471	3429	3298	2606	3404	3496	3942	3652	3692	3910	3976	4143	4565	4768	4522	5073	5258
36275	1630
36947	2304	2709	2554	2828	3143
37027	1123	1568	2145	2108	2733	3369	3238	2461	2587	2590	3210	3079	3181	4586	4803	4835	5060	5210
37025	689
37030	4074	4681	5605
24037	3179
24038	1041
25196	1962	3631
37038	3329
26149	957	1166	1570	2505	2337
32654	1113	1932	1802	3245	3326	4164	4396	5413	5414	5472
34255	3296
30473	907
36182	1318	4073	4604
30476	4392
24052	876	779	1201	1047	1068	859	1732	1916	1691	997	1857	2004	1436	2006	1355	1946	1841	1945	2107	2065	3002	2359	2398	2536	2631	2863	2883	3006	3335	3168	3276	3478	3519	3609	3612	3801	4318	4659	4693	4561	4609	4677	4765	4842	4884	4921	4972	5095	5110	5158	5266	5357	5522
30465	4881	5319	5544
38134	2234
28330	1373	1565	1330	898	1020	1933	1955	2184
36187	1161	3347	3216	5367
28304	1131	1028	846	2069	1938	1388	2593
20754	1094
26126	897	889	1292	3130	3933	5333
32676	2665	2720	2803	2889	3529	4222	4011	4075	4192	4543	4552	4646	4829	4898	4932	4985	5112	5279	5289	5361	5401	5433	5571	5584
26124	930	1078	1163	905	1196	2076	1893	2677	2043	2442
26114	2455	2347	2822	3996	4219	4254
25166	1960	2915	3789	3818	4182	5184	5412
26118	929
36203	1878	1831	2265	2774	2923	3351	2749	4080	5219	5354
37009	1843
38108	2611
26131	2091
24030	1130	683	720	719	723	1325	731	1176	1246	1419	1382	1540	985	912	919	1409	1765	992	1446	956	2064	958	966	1274	1664	1081	1809	1121	1148	1660	1165	1880	1207	1976	1279	1282	1320	1335	2112	1343	1937	1390	1404	1980	2074	1437	1443	1768	1921	1497	1646	2563	1761	2397	2775	1923	2528	2038	2136	2062	2081	3023	2741	2751	2126	2162	2177	2191	2206	2223	2233	2278	2865	2754	2282	2672	3062	3928	4442	4999	5159	5665	5566	5614
24029	684	903	878	971	1622	2387	2225	3306
25176	749	1229	1212	1574	1777	1481	1951	2470	2257	3418	3730	3744	3787	4094	4149	4238	4368	5171	5229	5271	5346
20848	673	1351	1785	1560	1052	1647	1226	1609	2096	1813	2153	1851	1887	1975	2235	2474	2443	2871	2740	2385	2712	3034	3322	3368	3426	3444	3509	3515	3562	3670	3741	3811	4081	4354	4401	4454	4463	4592	4628	5368
20849	3783	5234	5296
39039	1235	2365	2696	2757	2856	2897	3914	3969	3997	4047	4285	4315	4492	4589	4878	5400
26222	1245	1180	1080	1928	1247	2305	1957	2357	2949	2690	2734	2743	3197	3590	3634	3962	4493	4529	4771	4588	4688	4991	4993	4998	5054	5311	5348	5396	5411
20851	2313	3118
20852	697	798	939	962	1486	1534	1775	2063
39034	2150	1050
32705	3584	4845	5242	5388	5458
20853	2056
20854	1627	2291	3430	3031
37089	3617
38050	1855
20856	2477	3063
39030	1254	1600
20857	1321	1270	1348	1667	2693	2678	2420	2619	3677	3992	4125	4623	4669	4914
37101	3688	3788	3864
37096	1287	3066	5586
28385	2549
25140	1449	1515	4647
25143	1869
20840	3790
37117	682	1466	1024	1602	1972	1634	3893	3902	5045
20845	2739
28393	3133
28392	1278	3338
20844	1064
25151	2805
36125	1753	933	1550	2912	3341	2557	3059	3290	3323	3635	3819	4471	4640	4678	4718	4865
37112	2147
36129	1850	3283	4034	4311
25096	866	1211	1608	1897	2465	2193	2764	2862	2992	3258	3473	3537	3689	3753	4324	5010	5126
25102	2283
22982	770	1746	1823	2009	2968	2509	3288	3303	3333	3543	3713	4507	4794	5016	5206	5281	5349	5484	5490
21776	3142
20803	1908
23002	704
35199	1198	1810	1261	1417	2244	1644	2332	1539	1925	2586	1440	1499	2753	1867	2407	2933	2444	2274	2348	2877	2640	2771	3096	3152	3182	3330	3391	3468	3673	3678	3428	3847	3521	3594	3691	3695	3869	4003	4138	4156	4358	4626	4828	5087	5444	5453	5498	5573
25104	1931
37073	2377
20805	1526
32752	2170	2670	3354	4630
20811	668	809	1051	1065	1346	911	1780	961	1048	1055	1295	1535	1700	1978	2289	1808	1764	2190	2866	2280	2666	2700	2718	2785	2843	2929	3004	3099	3124	3141	3206	3225	3488	3511	3523	3742	3747	3754	3966	3994	4010	4039	4049	4104	4151	4163	4177	4327	4451	4509	4510	4557	4611	4687	4725	4784	4785	4796	4804	4882	4907	4908	4953	4954	4957	4971	4975	5098	5102	5181	5189	5195	5314	5322	5387	5393	5399	5432	5473	5493	5499	5510	5524	5529	5546	5620
36153	1870
20809	695	857	1103	5174
20808	2886
28363	1886	2950
30563	1725
26194	1214
33258	5310	5541
36158	1911	1779	2249	2916	2870	4030	4456	4481	4752
27494	1677	2166	3127	2924	3195	4983
26550	3421
30343	1692
30340	1070	2466	4798	4848
22576	755	840	3871
21733	810	976	1661	2156	1460	2213	2931	2597	2776	2911	3107	3176	3318	3433	3436	3501	3593	3774	4233	4255	4879	5587
65289	4762	4929	4966	5085	5261	5331	5336	5340	5355	5446	5459	5504	5507	5528	5533	5552	5558	5562	5563	5570	5572	5594	5601	5603	5610	5615	5625	5626
32769	2937	4877
65288	2487	2983	3420	4023	4313	4330	4359	4384	4411	4839	4894	5088	5092	5175	5191	5252	5276	5290	5301	5307	5343	5424	5462	5469	5512	5619	5621
30347	835
23665	750	849	677	706	815	737	788	785	791	974	1038	925	1115	1995	1210	1588	1836	1656	1974	1859	2025	2060	2218	2298	2434	2350	2634	2391	2388	2410	2685	2719	2819	2959	3016	3146	3200	3566	3685	3690	3704	3810	4376	4684	4863	5025	5063	5178	5391
38271	1340	5565
65293	3095	5450
32774	1522
31302	1089	2102	2697	4383	4242	4740
22564	2522
23663	877	2780
22561	2262	2732	2978	3116	3897	3147	3408	4191	3712	3761	3888	3985	4667	4307	4447	4542	4595	4886	5114	5129	5154
33883	3134
31348	2247
21697	4590
29422	2432
27463	3350	4742
23646	2386	2185	2525	2752	5341	5371	5460	5503	5505	5534	5536	5559
33889	5470	5557
26519	977	945	1296	1577	2011	1092	1873	1189	1435	1289	1298	2353	1553	2141	2028	2228	2400	2966	3370	3840	3896	4207	5067	5356	5485	5495
21704	1095	975	1844	1619	1191	1461	2533	2592	2768	2794	3052	3082	3598	3660	3919	3956	3963	3968	3979	4148	4102	4636	4861	4994	5188
26524	745	964	3452	4262
25552	1787	1098	1896	3057	2926	2629	3531	3755	4161	4786
26525	1063
30382	868	973	1757	2008	1719	3230	2671	2788	5046
38215	1156	2085	2838	3233	3596	3807	4674	4901
23627	2548
39318	1271	1597	2189
32819	1344	3419
37122	4184
23621	5434
32822	1756	2659	2867	3378	4389
23614	1411
27427	1140
26612	4180
23612	703	1517	1402	1035	860	1904	1005	1023	1601	2413	1704	2272	1804	1837	2561	2562	2293	2859	2510	2682	2729	2744	2817	2839	2874	2996	3001	3030	3161	3164	3282	3518	3539	3586	3662	3716	3735	3846	3874	3891	3917	3941	3944	3967	3977	4101	4128	4160	4303	4329	4387	4502	4558	4811	4920	4970	4979	5106	5118	5132	5248	5192	5239	5255	5298
28525	1763	2349
27425	1833
33796	1973
27431	4282	4805
26611	2550
26609	1511
30415	1901
29313	1371
32834	2284
38177	1088	3654
30422	1415	2530
26597	1109
30416	2488
38182	1400	1653
30431	5294
32852	3710	4956	5568
23588	1678	2266	2858	4157
30427	1141
30424	983
22612	728	746	1116	836	1681	1865	1640	1806	1799	2017	1457	1510	2161	1849	2086	2951	2820	2995	2990	3129	3183	3224	3506	3397	3442	3503	3752	3826	3961	3998	4076	4165	4183	4228	4298	4340	4642	4648	4706	4753	4797	4940	5006	5153	5186	5212	5241	5268	5353	5362	5379	5418
23578	1381
33829	1136
23572	1370	1304	1134	1244	756	1672	1655	1338	1675	1423	1902	1659	1689	1895	1358	1970	1360	891	2404	2179	2268	1585	2103	1685	1671	2345	1612	1794	1127	1766	1158	1828	2556	1307	1613	2715	1891	2636	2913	1750	2772	2534	2814	2767	2854	3061	2668	2532	2779	2245	2210	2873	2275	2621	3490	2320	2512	3359	3101	2535	2661	2711	2737	2789	2802	2909	2853	3035	3017	3021	3032	3675	3120	3156	3159	3171	3199	3202	3289	3319	3344	4017	3357	3396	3465	3637	4025	3474	3499	3526	3552	3567	3576	3623	3633	3663	3667	3723	3726	3832	3855	3857	3867	3903	3955	3970	3972	3988	4015	4042	4058	4097	4775	4166	4194	4208	4858	4261	4268	4295	4338	4350	4356	4366	5049	4421	4431	4455	4469	4486	4494	4533	4548	4608	4610	4617	4632	4666	4689	4701	4717	4764	4767	4780	4800	4826	4846	4862	4868	4875	4906	4945	4958	4968	4980	5055	5081	5103	5117	5131	5146	5170	5176	5180	5197	5201	5227	5228	5233	5267	5299	5365	5409	5437	5439	6042	5449	5452	5471	5535	5564
21644	873	3524	4257	4372	4414	4538	4570	4726	5007	5057	5142	5436	5468
30446	3247
33832	1478	1256	1498	1840	1718	2168	2379	2538	2459	2595	2523	2427	2491	3313	2302	2793	2807	2974	3449	3599	3696	3773	3800	3828	3870	3999	4395	4218	4652	4355	4362	4792	5273	5030	5036	5318	5383
25494	1075
22622	1117	895	1364	820	1866	993	1807	1345	2208	2276	2952	2821	2842	3437	3577	3606	3795	3868	3894	4388	5009	5325
23567	2428
37195	4675	5474
28504	1448
26575	2479
23553	1698	1615
25463	2338
26426	3639
32899	2565
23792	2833	2658	2956
38388	2264
26417	3582	5443
29256	3872
26410	4671	4989
26411	660
28595	1197	5416
26408	708	1022	2943	3113	3390	3882	4457
23777	3295	2982	3932	5347
38376	1276	671	765	1399	2368	2049	2710	2003	1910	2778	1926	2760	5324
31435	948	2083	5205
32918	3990
21628	2251
22696	763
26412	1039	1394	2132	3043	3571	3822
23786	1473
29273	752	2458	3505	4051
26395	4175	4317
32435	1014	751	1425	1990	1267	1949	1025	2115	1564	2485	2106	2683	2041	2537	3260	2784	2860	2905	2972	3263	3098	3234	3265	3403	3406	3602	3607	3701	3720	3834	3895	4373	4198	4367	4381	4782	4477	4514	4566	4578	4690	4773	4790	4808	4824	4951	4964	4984	5059	5065	5152	5509	5247	5389	5410	5517	5569	5616
34028	1074	2224
31481	2054
32933	1071
34021	1142
25438	2648
32445	2100	4021
32943	1489	3974
29289	1410
26388	2346
26391	967	991	1045
32422	1786	1688	2176	2541	2642	3259	3642	4038	4452	4458	4950	4634	5381
35937	1018
27604	729	1032	1858	928	2032	1739	2205	2073	3128	2560	2921	3165	3386	3332	3482	3592	3782	3841	3881	4096	4214	4426	4434	4490	4531	4819	4660	4741	4851	4936	4946	5477	5454	5575	5608
27605	2675
27607	1989
35946	3949
31456	2164
29305	1007	824	959	1209	796	937	1374	1145	1935	2119	1983	1200	2053	2207	1264	1328	2209	2149	1694	2628	2310	2356	3205	2411	2436	2521	2907	2698	2713	2745	3249	2967	3058	3060	3094	3112	3463	3209	3272	3294	3548	3850	3538	3570	3591	3616	3786	3794	3836	3930	3934	3952	4022	4220	4119	4406	4178	4189	4221	4482	4247	4260	4305	4309	4310	4365	4433	4436	4499	4524	4541	4639	4641	4838	4885	4961	5130	5157	5165	5200	5215	5237	5364	5419	5497	5502	5511	5617
22659	4731
26494	938	864	2010	3541	3876	3886	4345	4560
32468	4912
31391	2585	5275
31389	4736
32479	2501
33922	1485	2230	2005	1438	1219	2258	3316	3337	4093	4517	4593	4620	4673	4697	4902	5005	5456
32473	1182
23736	4427	4942
26480	1950	3585
33945	942	3315	3162	4210	5134	5226
22763	2498	1801	2809	2403	2527	3046	3138	3384	3694	3843	4013
32988	5556
21556	4070
23724	3307
39286	951
23725	2181	2437	2451	3978
26469	2318	2962
32461	2328	3131	3424	4759
22756	1716
23721	1187	3091	2975	4083
21517	1912
26460	1257	1822	2238	2456	2460	3049	3554	3762	3981	4866
32500	1791	1676	1669	2687	2308	2836	2496	2922	3097	3136	3217	3190	3440	3446	3462	3647	3772	3792	3831	4053	3880	3916	3922	4485	4158	4280	4527	4955	4935	5155	5317	5397
21516	986
23703	2499	2942
21518	1636
35895	1883	5494
21513	772	1331	1118	1649	954	1058	1144	1695	1353	1863	2196	3027	3339	4287	4788
21512	1773	2918	5309
20551	5461
32993	2322	3833
37329	1093	1610	1871	2204	2516	3026	3937	4230	4231
32499	735
21508	2463	3668	4267	4696
26449	2960	3367
25373	2643
23707	1277	733	757	1814	2113	2061	2721	2446	2626	2694	2695	2783	2791	2818	2981	2998	3072	3189	3192	3213	3275	3278	3300	3302	3441	3477	4052	3508	3520	3628	3785	3815	3839	3858	3925	3957	4408	3982	3991	4028	4041	4054	4061	4515	4085	4100	4270	4516	4334	4347	4348	4402	4488	4489	4562	4568	4583	4596	4704	4708	4749	4766	4783	4820	4831	4841	4849	4864	4883	4897	4904	4910	4933	4939	4944	4959	4977	4996	5001	5004	5031	5033	5052	5069	5084	5113	5119	5141	5144	5147	5161	5163	5169	5177	5251	5262	5269	5286	5297	5315	5320	5338	5380	5455	5464	5501	5523	5525	5542	5554	5574	5583	5585	5589	5607	5609	5611
35874	4627
30333	3799
29233	1139
26441	2180
29239	3380
25351	1241
30331	2139	1347	4293	4614	4760
22721	2832	3054	5012
37324	1204	1178	1548	1160	1795	1552	2297	2072	1341	2231	2159	1721	1889	2608	2217	2229	2806	1876	2707	3383	3252	2804	2555	3314	2964	3047	3103	3184	3235	3310	3348	3392	3461	3476	3483	3516	3551	3620	3738	3879	4496	3986	4438	4110	4120	4132	4585	4328	4349	4536	4603	4657	4827	4922	5020	5051	5068	5072	5079	5094	5288	5329	5482	5622
34915	2016
32047	3271	3568	4511
40664	5264
38464	3927	4344
26705	1294	1091	2026	1643	1368	2389
22484	1164	3817
36842	1366	1571	1454	1529	3214	2808	2910	3155	3158	3293	3793	3615	3938	4056	4090	4473	4159
21400	2497
21407	803	850	1010	1170	1505
33593	2502	4625
31077	743	2220
38470	2131	3664
33589	5280
40657	2052	2664	2759
31080	1452
35753	4264
32034	1737	1533	2467	2334	3257	2584	2857	3018	3020	3395	4948	4899	5019	5243	5270
27665	2133	4167
36838	2650
39578	1053
20080	1541	2242
39557	3361
26691	692
35767	2872
25746	2663	3382
33576	1711	1738	2939	3532	3121	3729	3900	4544	4216	4822	4873	5249
22467	1359	1723	1683	1864	2816	3334	5127
40654	2352	1663	1623	2762	3743	4007
22478	1228	1375	742	1648	890	1665	817	1532	1555	1342	926	1566	1824	1657	1248	1991	1383	2722	1635	2309	1645	1776	1821	1835	2022	2057	2120	2756	2174	2248	3466	2331	2306	2351	3028	3075	3305	3507	3892	4116	4130	4346	4379	4546	4574	4685	4698	4727	4777	5043	5101	5274	5327
21382	1322
24403	2895	2637
21380	2761
36855	2703
20065	2614	1803	1722	1953
20063	2110
36808	1771	2050	1503	4889
27704	4363
21439	1421	1971	2574	2097	3114	2478	4269
24800	1651	3544
27700	998	736	1414	1783	2160	2105	2604	2277	2735
20052	1352	4876
36801	892
24422	2500
22521	816	1650	3853
20048	1006	1826	2252	5521
22522	1475	1862	1637	2014	2173	2948	2747	3250	3268	3274	3352	3373	3595	4077	4468	4470	4888	4918	4937	5038
20044	666	2425	3349	3764	3935	4046	4091	4407	4891
24444	2079	5182
24825	1919
30086	2616	4923
22496	2029
38518	1705	3671	3711
36830	678	1427	2447	5376
26725	747	1987	2999
20041	730	852	917	1433	2067	2138
36828	1699	1042	2290
31062	827	1096	2824	3597
24443	1882	4938
38517	1260	1742	2199	2792
20037	1317
33540	4986
33541	996
20027	724	4931
20025	658	1275	1545	2143	3796	3973	4181	5053	5223	5312	5561
27743	844	989	665	906	761	781	1015	935	994	1361	1494	1157	1313	1393	1376	1413	1495	2514	2240	2396	2288	2480	3163	4069
26641	1832	1258
20029	700	1559	1639	3312
39640	1135	1993	4716
20016	883	2269	3494
27735	4997	4312
21457	4244	4745	5423
33655	2529	4995	5405
22402	3401
36797	780	2656
23380	4934
21452	2515
36798	1111	1205	1213	2087	2046	1538	1618	2203	2373	2928	2603	3226	2750	2795	3417	2970	2980	3123	3279	3285	3909	3546	3547	3621	3645	3672	3697	3719	3765	3887	4078	4150	4508	4245	4360	4523	5048	4563	4601	4747	4791	4793	5041	5265	5332	5513
27721	1447	1255	1745	3912
21450	1966	3824	5040	5245
36793	834	1605	2938
23376	1509	3458	3561
20013	1730	1029	1174	1439	1587	1797	2241	4113
27714	4251
38428	1186
33633	2279
23388	2564
35834	1501	2066	1377	1959	2613	3251	3375	3432	3866	3641	3644	4409	5027	4553
21442	2906
24343	1119	4002	4474
23385	3243
19992	696	1137	2219	1713	3358	5064
29087	1549
19994	4299
40635	1225
30977	1468	5500
19996	667	670	789	1544	901	1128	2070	1830	2192	2361
36745	758
27774	848
26684	734	1514	2023	1543	1237	2175	2433	1986	2473	3109	2324	2742	3264	3540	3899	4027	4394	4398	4441	4506	4770	4911	5167	5330
36741	1726
21494	774
26681	3108	2507	2908	3638	4018
21488	654	741	687	680	862	829	1516	2021	2130	3414
38442	1631
21491	5123	5293
19990	4203
21490	3915
27766	2986
27754	3434
38452	1143	2116	2299
33609	3542
21487	3581	4598
38450	2654
19981	2140
36763	1259	2850	4145
38451	1223	1252	1133	1403	1217	1339	2129	1406	904	940	1365	1265	2012	1060	1124	1551	1308	1312	1315	1930	1372	2655	1428	1506	1642	1744	1778	1811	1941	2476	2035	2084	2589	2540	2438	2632
19982	5445
36758	2315
27744	1754	3820
40614	1288	1416	4029
21476	782	1693	1749	2020	2708	3150	3629	3732	3733	4572	5185	5430
19969	949	1297	1856	2569	2421	3491	3906	4580	5606
38463	1582	1812	2314	1793	2317	2610	2109	2484	2801	2884	3448	3555	3658	3860	4172	4263	4416	4386	4399	4746	4917	4965	4973	5096	5225	5520
19971	2855
27748	3611
19975	2932	3366
21475	1326	2800	1963	3069	3038	2738	3186	3603
23435	1302
22365	3707
23433	685	699	726	886	915	981	825	1504	1043	1034	908	870	1291	1012	1589	1502	1638	1755	1796	2089	2187	2018	2580	2101	2382	2312	2588	2705	2782	3106	3388	4008	4147
21270	686	804	830	970	1076	1781	2195	2212	2319
22363	3071
21271	1513	2152	1674	1519	2336
23439	2216
33713	1129	2222	1997	1490	1430	1999	2454	2165	1992	2879	3308	2330	3177	2559	2934	3530	3878	4459	4413	4815	5042	5044	5392
30008	1222	1193	1790
36710	1690
27807	2961
23425	655	738	856	698	885	914	980	794	921	1706	887	934	1752	1462	2232	2579	2547	2117	2122	2311
30002	4000
38596	1528	1652
38597	1311	3010	3447	4278	3877	3984
30003	1967	5104
38598	2099
30000	1333	1611	1942
27801	902	899	767	1149	1327	1557	2211	1546	1884	1988	2748	2716	2513	2573	2418	3487	3580	4115	4802	4905
23451	3287
24535	880	2620
22350	3379
23450	800	2188
21248	3080
20196	2215
20195	2927	3102	4624	5213	5124
29031	1920
27779	707	1046	1554	2256	2935	4382
40517	1512	3497
22346	936	1483
27778	1175	2469
27777	5217
21253	2893
23453	1530
23452	713	1668
20204	1482
33707	801	722	2221	2419	2730	2627	3325	4380
38634	4663
20182	4479
31179	4818	4341
23467	1527
24544	1422
29976	2135	1979	3412	4774
27827	969	855	1002	923	1206	1576	2151	1838	1465	1467	1913	1758	2111	2030	2042	2545	2383	3104	3149	3627	3636	4265
20179	1508
33694	1286
21305	3780
24681	715	831	1218	2040	2261	2679	2868	4179	4316	4371	5448
23458	5070
21306	3648	4168	4237	4321	4465	4963	5148	5183	5328	5478	5527
27839	3345
27833	2236
27835	675	2900	3472	3039	3040	5475	5595
23481	775
24688	3093	2994
27815	854
20161	2226
20160	818	1036	882	1903	2137	2837	2706	3087	3560	3626	4137	4400	4606	4751	4924	5151
38654	1110
26862	1709	1470	1939	1578	2571	3527	2704	3194	3360	3661	4322	4821
23486	1697	1621	1147	3485	5246
31185	1426	1429	1569	2158	2092	2667	2186	2600	3044	2662	2914	3399	3814	3573	3749	4045	4044	4443	5344	5431
22374	1860	1724	2946	2787	2830	3931	4476	4750	4801	4880	4987	4988	5295	5304
22369	2997	3445	3699	4532	4534
38647	900	2323	2098	2148	3409	2612	2644	2660	3297	2954	3261	3563	3763	3512	3646	4252	3851	4079	4446	4545	4188	4248	4748	4503	5138	5156	5427
29004	1792
23476	1696
23478	1240	952	2243
21335	663	679	1083	988	1518	1356	1387	2157	1679	1412	1524	1572	1805	1847	2088	2270	2542	2448	3758	3971	3980	4095	4859
33778	2058	3270	3964
23500	841	1898	2984	2977	5125	5549
24449	694
30079	787
22303	922	2602	4700
27863	1049
24576	717	2652
21329	4591
27861	1154	1319	1839	1998	1888	2406	2991	2798	2988	3346	3504	4439	4339	4761	4850	5008	5091	5369	5370	5465	5467	5582	5624
23494	1168	1985	1606	2594	3036	3601	5359
24459	1948
21340	2702	2680	3657
38534	1132	1362	1357	1301	2142	2519	2287	2876	1703	3077	3086	3643	5576
21338	1084	845	1087	881	1397	2902	2944	3791	4123	4352	5109
23519	1152	2901	4062	5173
30058	2552
24471	674	1184	2201	2727	2000	2576	3011	3579	3918	5408
20132	1314
27850	718	1474
21326	669	1379	2267	2899	3081	3111
27849	2260	2090	2198	2408	2354	2673	5000
26757	963	1310	2059	2325	2439	2835	3457	3702	4404	4445	4806	4649
20136	1596	3172
21322	5516
30053	3583
20141	1316
26753	875
20140	659	773	839	5162	5230
27888	2154	4843	4564
25705	2482	2423	3829	4665	5089
20113	709	1273	1798	2121
22329	909
31119	2019	2355	2392	2797	3019	3924	3958	4114	4319	4833
23528	1243	2869
20117	2358
22320	762	1471	1424	2200	2468	2813	2987	3105	3178	3291	4227	4472	5002	5404	5600
20122	656	999	811	1003	1159	1748	1900	1680	2405	2123	2834	2445	2462	2481	2531	2607	2765	3117	3167	3174	3211	3342	3389	3393	3427	3453	3455	3460	3471	3528	3575	3600	3693	3700	3705	3717	3797	3803	3816	3905	3921	3951	4037	4050	4055	4068	4092	4121	4205	4213	4234	4243	4276	4281	4286	4302	4326	4335	4353	4364	4393	4405	4424	4432	4448	4491	4505	4555	4605	4607	4651	4653	4661	4679	4707	4715	4723	4724	4732	4755	4772	4781	4799	4813	4836	4895	4925	4926	4952	5093	5108	5122	5139	5179	5238	5240	5250	5254	5260	5377	5438	5442	5508	5545	5548
22323	1604
27899	2615
30036	5083
27901	1789	1947
27874	953	972	1208	1881	3151	3484	3187	3222	3703	3989
21345	777	1085	1633	1817	1592	1469	1751	1120	1125	1969	1641	2326	1820	2475	2903	2492	2917	2947	2963	2971	3166	3175	3198	3242	3256	3324	3605	3618	3669	3746	3953	4036	4072	4103	4124	4271	4525	4594	4600	4644	4776	4874	4981	5024	5097	5105	5532
22317	1673	2645	3042	3193	3513	3781
30028	2717
24503	843	783	754	790	978	1441	1086	1759	1943	987	995	1595	1037	1066	1877	2031	1112	1290	1268	2095	2254	2285	1875	1906	3029	2453	2898	2553	3064	3148	3522	3572	4060	4066	4140	4153	4193	4397	4225	4288	4444	4462	4581	4619	4668	4686	4691	4703	4712	4739	4778	4825	4832	4949	4960	5075	5145	5224	5277	5291	5351	5390	5428
40481	1324
21346	725	837	1431	1309	1384	1593	2082	2904	2861	3398	3411	4057	4512	4618	5244
39532	1269	710	1329	1363	1590	1952	1624	1491	2339	1520	1620	1062	2163	1385	1715	1918	2635	3425	2335	2402	2520	2763	2823	2844	2919	3467	2976	3676	3191	3443	3486	3400	3469	3500	3898	3659	4232	4314	3827	4035	4714	4702	4325	4425	5058	5407	5483
40493	960
24509	1760
21355	662	3475
38738	2416
26000	3514
38742	1202
28909	3798	3945	4001
20329	727	1380	832	2851	3559	3845	4484
38750	1171	1418	1907
23041	826	847	1054	1819	1583	2394	2253	2539	3078	3495
24140	1138
23043	2646
25991	968	1591	1845	3450	3525
21147	676	2259	3227	3510
27931	867	1336	802	1458	2002	1150	2577	2518	3154	2568	2769	3299	3387	3625	3802	3844	3923	4375	4246	4279	4664
26970	2033	3119
20339	1769
26974	4769
21162	1056	2037	2891	2714	3207	3698	3767	3835	3883	4259
33292	1964
33293	2172	4549
27946	1239	3865
29827	2327
26032	2301	4204	4480	4483	4519	4856	5256
22240	1350	1982	4420
20294	1188
21152	714	732	712	1072	833	1059	858	1215	1579	1194	1892	1293	1894	1834	2036	1879	2273	2890	2295	2414	2493	2570	2731	2864	2973	2985	3203	3321	3356	3413	3681	4201	4258	4333	4475	4417	4428	4520	4612	4738	4814	4847	4887	5337
26045	2171	3760
27941	1100	1772	1846	1536
24178	1272	2766	3533	3236	3901	3960
24179	863	916	1011	764	795	979	1107	1573	1199	1195	1459	1477	2618	2364
34382	4559
26041	1284	1398	4757
20316	1332	1525
20315	1816	2852	5003
27963	822
20313	1853	3757
38761	4273
26031	869	947	711	941	1249	1232	766	1016	799	1479	1266	1547	924	1392	1981	1108	1922	1305	1496	2292	1561	2490	1924	2344	2144	2450	2435	3067	2296	2936	2424	2609	2633	2669	2684	2689	2699	2725	2728	2796	2827	2829	2894	3008	3014	3045	3070	3185	3188	3280	3286	3372	3385	3410	3415	3438	3493	3534	3545	3553	3556	3679	3721	3610	3714	3808	3821	3830	3856	3885	3904	3913	3920	3926	3946	3975	4016	4020	4065	4071	4082	4107	4129	4224	4173	4429	4195	4200	4249	4274	4275	4289	4291	4292	4300	4308	4528	4336	4351	4369	4370	4374	4385	4410	4423	4449	4466	4518	4556	4575	4576	4579	4615	4621	4622	4631	4635	4637	4654	4682	4699	4713	4733	4734	4756	4787	4795	4830	4852	4854	4867	4869	4890	4916	4919	4928	4943	4976	4990	5017	5026	5035	5061	5066	5076	5082	5100	5107	5121	5136	5143	5150	5160	5222	5232	5253	5308	5345	5350	5366	5375	5385	5406	5441	5447	5479	5480	5481	5488	5492	5514	5515	5518	5581	5598	5612	5618
21171	1581	1670	1958	2892	2777	4547
22270	1854	1788	1984	2511	2940	3273	3311	3722	3987	4186	4229	4256	4597	4573	5074	5321	5386	5597
22269	1221	1521	2194	2077	2202	2125	2001	2341	2329	3939	5211	5221	5543	5560	5604
20309	2078
27954	1181	1444
27953	2395
33298	2024	2758
34398	950
20304	1707	1720	5326
33390	1710
24093	1283
38675	1731
27982	1082	1684
29926	955	1405	1153	1632	1909	927	2075	2068	1662	2366	2430	2544	2013	3220	2360	2641	2880	2969	3405	3173	3208	3292	3317	3651	3374	3517	4235	4136	4174	4422	4342	4377	4437	4464	4577	5047	4812	4844	4903
26071	5384	5426
20271	753	2849	3331	3706	3750	4067	4217	4540	5166
38686	1177
27969	1450
31859	1420	1782	1300	2169	1944	2321	1586	2094	2048	2826	2638	3100	3825	3619	3687	3965	4006	4743	4893	5168
24085	943	1190	861	3005	2941	3943	4162	4616	5080	5137
20262	672	690	1030	793	797	893	1537	1626	1914	1354	2104	1994	2271	2736	4026
21187	1122	2294
29935	1563
24072	716
26053	3024
33406	1872	5023
27996	1728
24076	1008	1173	2281	3343	3480	4086	4535	4537	5323
40857	1607	1230	3083	2840
33394	693	2401	2071
27987	3727
38669	3037	4571	4187	5050
24067	946	851	984	1408	1733	1917	944	1616	1396	1401	1654	2426	1842	2303	3003	2567	2598	2945	3041	3254	3304	3454	3464	3748	3848	3849	4031	4108	4144	4170	4323	4440	4694	4584	4758	5352	5378	5526
24066	2647	1996	2227	3139	3221	3255	3402	3587	3728	3740	3854	3862	3890	3907	4098	4105	4504	4655	4809	5120	5398	5425	5466
21202	1234	1940	2015	2449	2601	2681	3535	2746	2989	3656	3301	3212	3215	3435	3613	4378	3838	4418	4656	4728	4754	5111	5235	5278	5305	5476	5567	5596
28010	2393
20234	784	1031	1251	2831	2896	3115	3736	3947	4109	4146	5551
24120	769
28009	3122	2409	2653	3666
26102	3492
28014	1253
20239	4629
38706	2566
20237	2953
26106	1476	1445	3201	3558	4810
28006	1567	3084
20250	819
26087	661
26086	2572
26085	1395	2457	3724	4272
20241	691
20240	4215
28023	657	871	965	739	1101	1167	1033	1220	1729	1480	1562	1934	1774	2591	2384	2688	3365	3908	4199	4487	4892
29916	1099	918	2370	3219	3489	4127	4587	4343	4900
28037	1487	2316	3809	4099
33446	2726	1977
24278	3649
24917	896	1625
20999	688
33452	2178
29756	1905
40784	932	1702	2581	4059	4139	4730
20465	5394
28789	1044	920	1019
33457	2790
21015	1575	2417	5257
21017	2957
21018	2255
24265	888
24311	4250
20420	1701	3048
31890	1114
33410	1455	2599
21035	2979	3065	5021
29702	1629
21033	702	771	1073	821	1057	1666	1743	1736	1192	1106	1954	1558	2034	1929	2888	2440	2495	2755	2786	2847	3009	3015	3073	3089	3110	3144	3253	3266	3320	3423	3470	3680	3683	3731	3739	4239	4301	4498	4807	4837	4974	5204	5282	5339	5440
38899	2503
24314	2134
25903	744	4005
21050	3557
33436	2367
33437	1500
20445	1386	1000
33433	2649
38886	1598	2799	2625	3056	3376	3770	3588	4176	4211	4982	5550
24208	1203
24211	748	807	1927	1861	1852	2127	3013	3050	3088	3550	3622	4064	4290	5056
24213	842
24215	3239	3745	4043	4415
22030	5220
24217	2770
40718	2781
24863	1603	2486
24220	2617
33521	5015	5028	5029	5283	5284	5372	5491	5540	5623
38797	3284
24196	792	1162	1899	3682
28118	3861
24198	1077	1741	2027	2300	2214
29808	1556
28120	2080	4569
30887	1451	3665
25925	5231
24247	1021	1747	1542	2250
30865	3327
33487	1097	1464	1599	1890	2237	2812	2825	3569	4332	4567	4962	5415
29785	1956
29790	2624
24230	760	1658	5285
29791	3709	4676
28689	5403
23273	3756
25955	3708
25958	701	2390	2399	2483	2881	3033	3812	3993	4853
22068	2431
20381	1770	3140	3771	4185	4670	5133