trieBegin	trieEnd	trieindex
644	644	-1
645	645	-1
646	646	-1
647	647	-1
648	648	-1
649	649	-1
650	650	-1
651	651	-1
652	652	-1
653	654	-1
655	659	-1
660	663	-1
664	668	-1
669	669	-1
670	670	-1
671	683	-1
684	684	-1
685	690	-1
691	694	-1
695	705	-1
706	711	-1
712	713	-1
714	715	-1
716	728	-1
729	729	-1
730	735	-1
736	736	-1
737	740	-1
741	741	-1
742	742	-1
743	743	-1
744	744	-1
745	747	-1
748	753	-1
754	754	-1
755	764	-1
765	766	-1
767	767	-1
768	769	-1
770	771	-1
772	772	-1
773	773	-1
774	774	-1
775	775	-1
776	776	-1
777	777	-1
778	778	-1
779	789	-1
790	792	-1
793	794	-1
795	801	-1
802	802	-1
803	803	-1
804	807	-1
808	810	-1
811	811	-1
812	813	-1
814	814	-1
815	815	-1
816	818	-1
819	822	-1
823	824	-1
825	825	-1
826	826	-1
827	827	-1
828	828	-1
829	829	-1
830	837	-1
838	838	-1
839	839	-1
840	840	-1
841	842	-1
843	848	-1
849	850	-1
851	857	-1
858	858	-1
859	862	-1
863	863	-1
864	864	-1
865	865	-1
866	866	-1
867	867	-1
868	869	-1
870	870	-1
871	872	-1
873	873	-1
874	877	-1
878	878	-1
879	880	-1
881	891	-1
892	892	-1
893	905	-1
906	907	-1
908	908	-1
909	912	-1
913	913	-1
914	915	-1
916	930	-1
931	931	-1
932	933	-1
934	938	-1
939	939	-1
940	959	-1
960	985	-1
986	1008	-1
1009	1017	-1
1018	1018	-1
1019	1019	-1
1020	1020	-1
1021	1021	-1
1022	1025	-1
1026	1026	-1
1027	1027	-1
1028	1030	-1
1031	1031	-1
1032	1032	-1
1033	1036	-1
1037	1037	-1
1038	1040	-1
1041	1043	-1
1044	1053	-1
1054	1054	-1
1055	1055	-1
1056	1056	-1
1057	1059	-1
1060	1060	-1
1061	1065	-1
1066	1067	-1
1068	1069	-1
1070	1072	-1
1073	1074	-1
1075	1086	-1
1087	1090	-1
1091	1091	-1
1092	1093	-1
1094	1098	-1
1099	1101	-1
1102	1102	-1
1103	1105	-1
1106	1107	-1
1108	1108	-1
1109	1114	-1
1115	1116	-1
1117	1140	-1
1141	1141	-1
1142	1142	-1
1143	1146	-1
1147	1149	-1
1150	1170	-1
1171	1184	-1
1185	1185	-1
1186	1186	-1
1187	1198	-1
1199	1211	-1
1212	1212	-1
1213	1215	-1
1216	1216	-1
1217	1219	-1
1220	1225	-1
1226	1242	-1
1243	1250	-1
1251	1255	-1
1256	1256	-1
1257	1258	-1
1259	1259	-1
1260	1261	-1
1262	1262	-1
1263	1277	-1
1278	1278	-1
1279	1283	-1
1284	1284	-1
1285	1285	-1
1286	1289	-1
1290	1290	-1
1291	1291	-1
1292	1293	-1
1294	1296	-1
1297	1302	-1
1303	1333	-1
1334	1336	-1
1337	1343	-1
1344	1346	-1
1347	1348	-1
1349	1351	-1
1352	1354	-1
1355	1359	-1
1360	1360	-1
1361	1361	-1
1362	1362	-1
1363	1363	-1
1364	1364	-1
1365	1370	-1
1371	1371	-1
1372	1373	-1
1374	1376	-1
1377	1377	-1
1378	1378	-1
1379	1379	-1
1380	1381	-1
1382	1383	-1
1384	1384	-1
1385	1385	-1
1386	1386	-1
1387	1446	-1
1447	1473	-1
1474	1475	-1
1476	1488	-1
1489	1492	-1
1493	1498	-1
1499	1499	-1
1500	1507	-1
1508	1508	-1
1509	1510	-1
1511	1511	-1
1512	1518	-1
1519	1519	-1
1520	1520	-1
1521	1521	-1
1522	1525	-1
1526	1526	-1
1527	1527	-1
1528	1530	-1
1531	1531	-1
1532	1534	-1
1535	1542	-1
1543	1546	-1
1547	1548	-1
1549	1550	-1
1551	1555	-1
1556	1556	-1
1557	1569	-1
1570	1570	-1
1571	1571	-1
1572	1572	-1
1573	1573	-1
1574	1574	-1
1575	1575	-1
1576	1586	-1
1587	1587	-1
1588	1589	-1
1590	1590	-1
1591	1591	-1
1592	1592	-1
1593	1597	-1
1598	1598	-1
1599	1599	-1
1600	1600	-1
1601	1603	-1
1604	1606	-1
1607	1608	-1
1609	1609	-1
1610	1611	-1
1612	1629	-1
1630	1630	-1
1631	1634	-1
1635	1635	-1
1636	1636	-1
1637	1637	-1
1638	1638	-1
1639	1639	-1
1640	1644	-1
1645	1646	-1
1647	1647	-1
1648	1648	-1
1649	1650	-1
1651	1654	-1
1655	1655	-1
1656	1656	-1
1657	1670	-1
1671	1689	-1
1690	1690	-1
1691	1696	-1
1697	1697	-1
1698	1698	-1
1699	1702	-1
1703	1708	-1
1709	1710	-1
1711	1711	-1
1712	1712	-1
1713	1713	-1
1714	1717	-1
1718	1727	-1
1728	1729	-1
1730	1730	-1
1731	1731	-1
1732	1734	-1
1735	1740	-1
1741	1741	-1
1742	1742	-1
1743	1744	-1
1745	1745	-1
1746	1751	-1
1752	1752	-1
1753	1756	-1
1757	1757	-1
1758	1758	-1
1759	1761	-1
1762	1764	-1
1765	1771	-1
1772	1772	-1
1773	1773	-1
1774	1775	-1
1776	1778	-1
1779	1779	-1
1780	1780	-1
1781	1781	-1
1782	1782	-1
1783	1783	-1
1784	1784	-1
1785	1786	-1
1787	1793	-1
1794	1795	-1
1796	1798	-1
1799	1799	-1
1800	1800	-1
1801	1801	-1
1802	1807	-1
1808	1808	-1
1809	1809	-1
1810	1810	-1
1811	1812	-1
1813	1814	-1
1815	1817	-1
1818	1818	-1
1819	1819	-1
1820	1821	-1
1822	1823	-1
1824	1824	-1
1825	1831	-1
1832	1850	-1
1851	1852	-1
1853	1856	-1
1857	1857	-1
1858	1862	-1
1863	1867	-1
1868	1869	-1
1870	1870	-1
1871	1878	-1
1879	1879	-1
1880	1880	-1
1881	1881	-1
1882	1882	-1
1883	1883	-1
1884	1885	-1
1886	1886	-1
1887	1887	-1
1888	1899	-1
1900	1900	-1
1901	1907	-1
1908	1908	-1
1909	1909	-1
1910	1917	-1
1918	1935	-1
1936	1940	-1
1941	1941	-1
1942	1946	-1
1947	1948	-1
1949	1951	-1
1952	1952	-1
1953	1953	-1
1954	1958	-1
1959	1959	-1
1960	1960	-1
1961	1961	-1
1962	1982	-1
1983	1983	-1
1984	1984	-1
1985	1985	-1
1986	1986	-1
1987	1987	-1
1988	1991	-1
1992	1993	-1
1994	2000	-1
2001	2001	-1
2002	2005	-1
2006	2006	-1
2007	2009	-1
2010	2012	-1
2013	2013	-1
2014	2014	-1
2015	2015	-1
2016	2016	-1
2017	2017	-1
2018	2018	-1
2019	2020	-1
2021	2021	-1
2022	2022	-1
2023	2024	-1
2025	2025	-1
2026	2026	-1
2027	2027	-1
2028	2029	-1
2030	2030	-1
2031	2031	-1
2032	2033	-1
2034	2034	-1
2035	2035	-1
2036	2037	-1
2038	2038	-1
2039	2043	-1
2044	2044	-1
2045	2045	-1
2046	2048	-1
2049	2050	-1
2051	2051	-1
2052	2052	-1
2053	2059	-1
2060	2062	-1
2063	2065	-1
2066	2066	-1
2067	2068	-1
2069	2069	-1
2070	2070	-1
2071	2078	-1
2079	2079	-1
2080	2081	-1
2082	2082	-1
2083	2084	-1
2085	2085	-1
2086	2091	-1
2092	2096	-1
2097	2107	-1
2108	2115	-1
2116	2116	-1
2117	2117	-1
2118	2118	-1
2119	2119	-1
2120	2124	-1
2125	2126	-1
2127	2127	-1
2128	2128	-1
2129	2130	-1
2131	2131	-1
2132	2132	-1
2133	2133	-1
2134	2134	-1
2135	2136	-1
2137	2137	-1
2138	2142	-1
2143	2143	-1
2144	2144	-1
2145	2147	-1
2148	2154	-1
2155	2156	-1
2157	2157	-1
2158	2180	-1
2181	2181	-1
2182	2182	-1
2183	2183	-1
2184	2184	-1
2185	2185	-1
2186	2186	-1
2187	2187	-1
2188	2190	-1
2191	2191	-1
2192	2192	-1
2193	2198	-1
2199	2199	-1
2200	2203	-1
2204	2206	-1
2207	2209	-1
2210	2214	-1
2215	2218	-1
2219	2219	-1
2220	2221	-1
2222	2233	-1
2234	2235	-1
2236	2237	-1
2238	2238	-1
2239	2239	-1
2240	2252	-1
2253	2253	-1
2254	2256	-1
2257	2257	-1
2258	2260	-1
2261	2262	-1
2263	2263	-1
2264	2264	-1
2265	2265	-1
2266	2267	-1
2268	2268	-1
2269	2269	-1
2270	2274	-1
2275	2276	-1
2277	2277	-1
2278	2278	-1
2279	2279	-1
2280	2280	-1
2281	2281	-1
2282	2289	-1
2290	2291	-1
2292	2292	-1
2293	2293	-1
2294	2295	-1
2296	2297	-1
2298	2298	-1
2299	2312	-1
2313	2313	-1
2314	2318	-1
2319	2319	-1
2320	2320	-1
2321	2322	-1
2323	2324	-1
2325	2325	-1
2326	2326	-1
2327	2329	-1
2330	2330	-1
2331	2332	-1
2333	2341	-1
2342	2348	-1
2349	2349	-1
2350	2350	-1
2351	2351	-1
2352	2352	-1
2353	2360	-1
2361	2361	-1
2362	2362	-1
2363	2364	-1
2365	2369	-1
2370	2370	-1
2371	2371	-1
2372	2372	-1
2373	2374	-1
2375	2375	-1
2376	2376	-1
2377	2377	-1
2378	2378	-1
2379	2379	-1
2380	2381	-1
2382	2382	-1
2383	2383	-1
2384	2399	-1
2400	2400	-1
2401	2401	-1
2402	2402	-1
2403	2403	-1
2404	2405	-1
2406	2411	-1
2412	2412	-1
2413	2413	-1
2414	2414	-1
2415	2415	-1
2416	2429	-1
2430	2433	-1
2434	2436	-1
2437	2437	-1
2438	2439	-1
2440	2441	-1
2442	2443	-1
2444	2444	-1
2445	2445	-1
2446	2450	-1
2451	2454	-1
2455	2455	-1
2456	2456	-1
2457	2457	-1
2458	2458	-1
2459	2461	-1
2462	2472	-1
2473	2473	-1
2474	2474	-1
2475	2475	-1
2476	2478	-1
2479	2484	-1
2485	2489	-1
2490	2490	-1
2491	2492	-1
2493	2493	-1
2494	2494	-1
2495	2495	-1
2496	2497	-1
2498	2501	-1
2502	2502	-1
2503	2503	-1
2504	2505	-1
2506	2506	-1
2507	2507	-1
2508	2508	-1
2509	2513	-1
2514	2515	-1
2516	2516	-1
2517	2517	-1
2518	2518	-1
2519	2519	-1
2520	2527	-1
2528	2528	-1
2529	2535	-1
2536	2536	-1
2537	2537	-1
2538	2538	-1
2539	2541	-1
2542	2544	-1
2545	2545	-1
2546	2548	-1
2549	2549	-1
2550	2550	-1
2551	2558	-1
2559	2559	-1
2560	2562	-1
2563	2563	-1
2564	2567	-1
2568	2639	-1
2640	2640	-1
2641	2641	-1
2642	2642	-1
2643	2643	-1
2644	2644	-1
2645	2645	-1
2646	2649	-1
2650	2651	-1
2652	2653	-1
2654	2656	-1
2657	2657	-1
2658	2661	-1
2662	2662	-1
2663	2663	-1
2664	2664	-1
2665	2665	-1
2666	2667	-1
2668	2669	-1
2670	2670	-1
2671	2672	-1
2673	2673	-1
2674	2674	-1
2675	2676	-1
2677	2679	-1
2680	2714	-1
2715	2715	-1
2716	2725	-1
2726	2726	-1
2727	2728	-1
2729	2729	-1
2730	2730	-1
2731	2733	-1
2734	2734	-1
2735	2736	-1
2737	2741	-1
2742	2742	-1
2743	2750	-1
2751	2752	-1
2753	2757	-1
2758	2760	-1
2761	2762	-1
2763	2769	-1
2770	2770	-1
2771	2771	-1
2772	2772	-1
2773	2773	-1
2774	2774	-1
2775	2775	-1
2776	2776	-1
2777	2777	-1
2778	2779	-1
2780	2780	-1
-1	-1	1979
-1	-1	268
-1	-1	269
-1	-1	270
-1	-1	2214
-1	-1	1343
-1	-1	271
-1	-1	272
-1	-1	273
2781	2781	-1
-1	-1	1865
-1	-1	275
2782	2782	-1
-1	-1	276
-1	-1	277
-1	-1	0
-1	-1	278
-1	-1	1830
2783	2783	-1
-1	-1	279
2784	2784	-1
-1	-1	280
2785	2785	-1
2786	2786	-1
-1	-1	281
-1	-1	282
-1	-1	283
-1	-1	284
2787	2787	-1
-1	-1	285
-1	-1	286
-1	-1	287
-1	-1	3
-1	-1	288
-1	-1	289
-1	-1	290
-1	-1	199
-1	-1	291
-1	-1	292
-1	-1	293
-1	-1	294
-1	-1	295
-1	-1	296
-1	-1	297
-1	-1	298
-1	-1	299
-1	-1	300
-1	-1	301
-1	-1	302
-1	-1	303
-1	-1	304
-1	-1	305
-1	-1	306
2788	2788	-1
2789	2789	-1
2790	2790	-1
-1	-1	308
2791	2791	149
-1	-1	309
-1	-1	310
-1	-1	311
-1	-1	312
2792	2792	-1
2793	2795	-1
2796	2796	-1
2797	2797	-1
2798	2798	-1
2799	2799	-1
2800	2801	-1
2802	2802	-1
2803	2803	-1
-1	-1	316
2804	2804	-1
-1	-1	317
2805	2805	-1
-1	-1	201
-1	-1	319
-1	-1	320
-1	-1	321
-1	-1	322
-1	-1	323
-1	-1	324
2806	2806	-1
2807	2807	-1
-1	-1	326
2808	2808	-1
-1	-1	328
2809	2809	-1
-1	-1	5
-1	-1	329
2810	2810	-1
-1	-1	331
-1	-1	332
-1	-1	2471
-1	-1	333
2811	2811	-1
2812	2812	-1
-1	-1	336
2813	2813	-1
2814	2814	-1
2815	2815	-1
-1	-1	1147
-1	-1	2063
2816	2816	-1
2817	2817	-1
2818	2818	-1
2819	2819	-1
2820	2820	-1
2821	2821	-1
2822	2822	-1
2823	2823	-1
2824	2824	-1
-1	-1	1831
-1	-1	339
2825	2825	-1
-1	-1	340
-1	-1	2450
-1	-1	341
-1	-1	342
-1	-1	343
-1	-1	344
2826	2826	-1
-1	-1	345
-1	-1	2176
-1	-1	346
2827	2827	-1
2828	2828	-1
-1	-1	347
2829	2830	-1
2831	2831	-1
2832	2835	-1
-1	-1	348
-1	-1	9
2836	2836	-1
2837	2837	349
2838	2838	-1
-1	-1	1858
-1	-1	2387
-1	-1	2216
-1	-1	2262
2839	2839	-1
2840	2840	-1
2841	2841	-1
2842	2842	-1
2843	2843	-1
2844	2844	-1
2845	2845	-1
2846	2846	-1
2847	2847	-1
-1	-1	351
-1	-1	352
2848	2848	-1
2849	2849	-1
2850	2851	-1
-1	-1	1300
2852	2852	1917
2853	2853	-1
-1	-1	2316
2854	2854	-1
2855	2855	-1
2856	2856	-1
-1	-1	354
2857	2857	-1
2858	2858	-1
2859	2859	-1
-1	-1	355
2860	2860	-1
-1	-1	356
-1	-1	357
-1	-1	358
-1	-1	359
-1	-1	1259
-1	-1	360
2861	2861	-1
-1	-1	361
-1	-1	2451
2862	2862	-1
2863	2863	-1
2864	2867	-1
2868	2868	-1
2869	2869	-1
2870	2871	-1
2872	2872	-1
2873	2874	-1
-1	-1	363
-1	-1	2178
2875	2875	-1
-1	-1	365
2876	2876	-1
2877	2877	-1
2878	2878	-1
-1	-1	367
2879	2879	-1
-1	-1	1920
-1	-1	368
2880	2880	-1
2881	2881	115
-1	-1	369
-1	-1	370
-1	-1	371
-1	-1	372
-1	-1	373
-1	-1	374
-1	-1	375
-1	-1	376
2882	2883	-1
-1	-1	377
2884	2884	-1
2885	2885	-1
2886	2886	-1
-1	-1	155
2887	2887	1832
2888	2888	-1
-1	-1	380
-1	-1	381
-1	-1	382
2889	2889	-1
-1	-1	383
-1	-1	384
-1	-1	385
-1	-1	1285
2890	2890	-1
2891	2892	386
2893	2893	-1
2894	2894	-1
-1	-1	387
2895	2896	-1
2897	2897	-1
-1	-1	388
2898	2898	-1
2899	2899	-1
2900	2901	-1
2902	2902	-1
2903	2903	-1
2904	2904	-1
2905	2905	-1
2906	2906	-1
2907	2907	2125
-1	-1	2265
2908	2908	-1
2909	2911	-1
2912	2912	-1
2913	2913	-1
2914	2914	-1
-1	-1	1608
-1	-1	1260
-1	-1	213
-1	-1	214
2915	2915	-1
-1	-1	2462
2916	2916	-1
2917	2917	-1
2918	2918	-1
2919	2920	-1
2921	2921	-1
-1	-1	389
2922	2922	-1
2923	2923	-1
-1	-1	1586
2924	2924	-1
-1	-1	390
-1	-1	391
-1	-1	392
2925	2925	-1
2926	2926	-1
-1	-1	393
2927	2927	394
-1	-1	1820
2928	2928	-1
2929	2929	-1
-1	-1	396
2930	2930	397
2931	2931	-1
-1	-1	1980
-1	-1	398
2932	2932	-1
2933	2933	-1
-1	-1	399
-1	-1	1835
2934	2934	-1
2935	2935	1981
-1	-1	1966
2936	2936	-1
-1	-1	401
-1	-1	402
2937	2937	-1
-1	-1	403
-1	-1	404
-1	-1	405
2938	2938	406
-1	-1	407
-1	-1	1921
-1	-1	408
-1	-1	409
2939	2939	-1
-1	-1	411
-1	-1	412
-1	-1	1922
-1	-1	413
-1	-1	2018
-1	-1	1923
-1	-1	1787
-1	-1	414
-1	-1	415
-1	-1	416
-1	-1	216
-1	-1	417
2940	2940	-1
2941	2941	-1
-1	-1	1230
2942	2942	-1
2943	2943	-1
2944	2944	-1
2945	2946	-1
-1	-1	1500
2947	2947	-1
2948	2948	418
2949	2949	-1
2950	2950	-1
2951	2952	-1
2953	2953	-1
2954	2954	-1
2955	2955	-1
2956	2956	-1
2957	2958	-1
-1	-1	1886
2959	2959	-1
2960	2960	-1
2961	2961	-1
2962	2962	-1
-1	-1	1292
-1	-1	419
2963	2963	-1
2964	2964	-1
2965	2965	-1
2966	2966	-1
2967	2968	-1
2969	2969	-1
-1	-1	1949
2970	2970	-1
2971	2972	-1
2973	2973	-1
2974	2976	-1
2977	2979	-1
2980	2980	-1
2981	2981	-1
2982	2982	-1
2983	2983	-1
2984	2984	-1
2985	2987	-1
-1	-1	1588
2988	2990	-1
2991	2991	-1
2992	2992	-1
2993	2993	-1
2994	2994	-1
2995	2995	-1
2996	2996	-1
2997	2997	-1
2998	2998	-1
2999	2999	-1
3000	3000	-1
3001	3001	-1
3002	3002	-1
-1	-1	420
3003	3003	11
3004	3004	-1
-1	-1	421
3005	3005	-1
3006	3006	-1
3007	3007	-1
3008	3008	-1
-1	-1	422
-1	-1	423
-1	-1	424
-1	-1	425
3009	3009	-1
3010	3010	-1
3011	3011	-1
-1	-1	427
-1	-1	56
3012	3012	-1
3013	3013	-1
-1	-1	428
-1	-1	429
-1	-1	430
3014	3014	431
-1	-1	433
-1	-1	434
-1	-1	435
3015	3015	-1
-1	-1	436
3016	3016	-1
3017	3017	-1
-1	-1	437
3018	3018	-1
3019	3019	-1
-1	-1	1910
3020	3020	-1
-1	-1	438
-1	-1	439
3021	3021	-1
3022	3022	-1
3023	3023	-1
3024	3024	-1
-1	-1	441
-1	-1	442
-1	-1	443
3025	3025	-1
-1	-1	444
-1	-1	445
-1	-1	446
-1	-1	447
-1	-1	448
3026	3026	-1
3027	3027	-1
3028	3028	-1
-1	-1	451
-1	-1	452
-1	-1	453
-1	-1	454
3029	3029	-1
-1	-1	1649
3030	3030	-1
3031	3031	-1
-1	-1	455
3032	3035	-1
3036	3036	-1
3037	3038	-1
3039	3039	-1
3040	3040	-1
3041	3041	-1
3042	3042	-1
3043	3043	-1
3044	3044	-1
3045	3045	-1
3046	3046	-1
-1	-1	457
-1	-1	458
-1	-1	459
-1	-1	460
3047	3047	-1
-1	-1	1193
3048	3048	-1
3049	3049	-1
-1	-1	461
-1	-1	462
3050	3050	-1
3051	3051	-1
-1	-1	464
-1	-1	465
-1	-1	466
3052	3052	-1
3053	3053	-1
-1	-1	467
-1	-1	468
3054	3054	-1
3055	3055	-1
3056	3056	-1
3057	3057	-1
3058	3058	-1
3059	3059	-1
3060	3060	-1
3061	3061	-1
3062	3062	-1
3063	3063	-1
3064	3064	-1
3065	3065	-1
3066	3066	-1
3067	3067	-1
3068	3069	-1
3070	3070	-1
3071	3071	-1
3072	3072	-1
3073	3073	-1
3074	3074	-1
3075	3075	-1
3076	3076	-1
3077	3077	-1
3078	3078	-1
3079	3079	-1
3080	3080	-1
3081	3081	-1
3082	3082	-1
3083	3084	-1
3085	3085	-1
3086	3087	-1
3088	3088	-1
3089	3089	-1
3090	3090	-1
3091	3091	-1
-1	-1	1516
3092	3092	-1
3093	3093	-1
3094	3094	-1
3095	3095	-1
-1	-1	226
3096	3096	-1
3097	3097	-1
3098	3098	-1
3099	3099	-1
3100	3100	-1
3101	3106	-1
3107	3107	-1
3108	3110	-1
3111	3111	-1
3112	3115	-1
-1	-1	1699
3116	3116	-1
3117	3117	-1
3118	3118	-1
-1	-1	1234
3119	3119	-1
3120	3120	-1
-1	-1	2097
3121	3122	-1
3123	3123	-1
3124	3124	-1
3125	3125	-1
3126	3126	-1
-1	-1	1360
-1	-1	1700
3127	3127	-1
3128	3128	-1
-1	-1	1887
3129	3129	-1
3130	3130	-1
3131	3131	-1
3132	3132	-1
-1	-1	1110
3133	3133	-1
-1	-1	1837
3134	3134	-1
3135	3135	-1
3136	3136	-1
-1	-1	1148
3137	3137	-1
-1	-1	470
3138	3138	-1
3139	3139	-1
3140	3140	-1
3141	3141	-1
-1	-1	2042
3142	3142	-1
3143	3144	-1
3145	3145	-1
3146	3146	-1
3147	3147	-1
3148	3148	-1
3149	3149	-1
3150	3150	-1
3151	3152	-1
3153	3153	-1
3154	3154	-1
3155	3155	-1
3156	3156	-1
3157	3157	-1
3158	3158	-1
-1	-1	471
3159	3159	-1
3160	3160	-1
3161	3161	-1
3162	3162	-1
3163	3163	-1
3164	3164	-1
-1	-1	472
3165	3165	473
-1	-1	1326
-1	-1	231
3166	3166	-1
3167	3167	-1
3168	3168	-1
-1	-1	474
3169	3169	-1
3170	3170	-1
-1	-1	476
-1	-1	477
-1	-1	1983
-1	-1	478
3171	3171	-1
-1	-1	479
3172	3172	-1
-1	-1	480
-1	-1	2452
3173	3173	-1
-1	-1	482
-1	-1	483
-1	-1	1838
3174	3174	-1
-1	-1	484
3175	3175	-1
3176	3176	-1
-1	-1	486
-1	-1	487
-1	-1	488
-1	-1	489
3177	3177	-1
-1	-1	490
-1	-1	491
3178	3178	-1
-1	-1	2307
3179	3179	-1
3180	3180	-1
-1	-1	492
-1	-1	1599
-1	-1	493
-1	-1	1623
-1	-1	494
3181	3181	-1
3182	3182	-1
3183	3183	2413
3184	3184	-1
3185	3185	-1
-1	-1	2241
3186	3186	-1
3187	3193	-1
3194	3194	-1
3195	3196	-1
3197	3198	-1
3199	3199	-1
3200	3200	-1
3201	3201	-1
3202	3202	-1
3203	3203	-1
-1	-1	495
3204	3204	-1
3205	3205	-1
3206	3206	-1
3207	3207	-1
3208	3208	-1
3209	3209	-1
-1	-1	496
3210	3210	-1
3211	3211	-1
3212	3212	-1
-1	-1	497
-1	-1	498
-1	-1	499
-1	-1	500
-1	-1	501
-1	-1	1332
3213	3213	-1
-1	-1	502
-1	-1	503
-1	-1	504
-1	-1	505
-1	-1	506
-1	-1	507
-1	-1	508
-1	-1	509
3214	3214	-1
3215	3215	-1
3216	3216	-1
-1	-1	510
3217	3217	-1
-1	-1	511
3218	3218	-1
3219	3219	-1
-1	-1	512
3220	3222	-1
3223	3223	-1
-1	-1	513
-1	-1	514
3224	3224	-1
3225	3225	-1
-1	-1	515
3226	3226	-1
3227	3228	-1
-1	-1	2162
3229	3229	-1
3230	3230	-1
3231	3231	-1
3232	3232	-1
3233	3234	-1
3235	3235	-1
3236	3236	516
3237	3237	-1
-1	-1	517
-1	-1	518
-1	-1	519
-1	-1	520
-1	-1	521
-1	-1	522
-1	-1	523
-1	-1	524
-1	-1	525
-1	-1	526
-1	-1	527
-1	-1	528
-1	-1	529
-1	-1	530
-1	-1	1615
-1	-1	531
-1	-1	532
-1	-1	533
-1	-1	534
-1	-1	535
-1	-1	2319
3238	3238	-1
3239	3239	-1
-1	-1	536
3240	3240	-1
3241	3241	-1
-1	-1	537
-1	-1	538
-1	-1	539
-1	-1	540
-1	-1	1839
3242	3242	-1
-1	-1	541
3243	3243	-1
3244	3245	-1
3246	3246	-1
-1	-1	1931
3247	3249	-1
3250	3250	-1
3251	3251	-1
3252	3252	-1
-1	-1	542
-1	-1	543
-1	-1	544
-1	-1	545
-1	-1	546
-1	-1	547
-1	-1	548
3253	3253	-1
-1	-1	550
-1	-1	551
-1	-1	552
-1	-1	553
-1	-1	2217
-1	-1	554
-1	-1	555
-1	-1	556
3254	3255	-1
3256	3256	-1
3257	3257	-1
3258	3260	-1
3261	3261	-1
3262	3262	-1
3263	3263	-1
3264	3264	-1
3265	3266	-1
3267	3267	-1
3268	3268	-1
3269	3270	-1
-1	-1	2383
3271	3272	-1
3273	3273	-1
3274	3274	-1
3275	3275	-1
3276	3281	-1
3282	3282	-1
3283	3283	-1
3284	3284	-1
3285	3285	-1
3286	3286	2401
3287	3287	-1
3288	3289	-1
3290	3290	-1
3291	3291	-1
3292	3292	-1
3293	3299	-1
3300	3300	-1
3301	3302	2270
3303	3303	-1
-1	-1	26
3304	3305	-1
3306	3306	-1
-1	-1	558
3307	3307	-1
-1	-1	2181
3308	3308	1538
3309	3309	-1
-1	-1	1602
3310	3310	-1
3311	3311	-1
-1	-1	263
-1	-1	2218
3312	3312	-1
3313	3313	-1
3314	3314	-1
3315	3315	-1
3316	3316	106
3317	3317	-1
3318	3319	-1
3320	3320	-1
-1	-1	1790
3321	3321	-1
3322	3322	-1
3323	3323	-1
3324	3324	-1
-1	-1	1932
3325	3325	-1
3326	3327	-1
3328	3328	-1
3329	3330	-1
-1	-1	2155
3331	3331	-1
3332	3332	-1
3333	3333	-1
3334	3334	-1
3335	3336	-1
3337	3337	-1
3338	3339	-1
-1	-1	2116
3340	3340	-1
3341	3347	-1
3348	3348	-1
3349	3349	-1
3350	3350	-1
3351	3351	-1
-1	-1	2118
3352	3353	-1
3354	3354	-1
3355	3355	-1
3356	3357	-1
3358	3358	-1
3359	3360	-1
3361	3364	-1
-1	-1	1121
-1	-1	164
3365	3365	-1
3366	3366	-1
3367	3367	123
3368	3368	-1
-1	-1	1604
3369	3369	-1
3370	3370	-1
3371	3372	-1
3373	3374	-1
3375	3375	-1
3376	3376	-1
3377	3377	-1
-1	-1	264
-1	-1	560
-1	-1	561
-1	-1	562
-1	-1	563
-1	-1	564
-1	-1	1859
-1	-1	565
-1	-1	566
-1	-1	567
3378	3378	-1
3379	3379	-1
-1	-1	569
-1	-1	570
-1	-1	571
-1	-1	1840
-1	-1	572
-1	-1	573
-1	-1	574
-1	-1	575
-1	-1	576
-1	-1	2453
-1	-1	577
-1	-1	578
3380	3380	-1
3381	3381	-1
3382	3384	-1
3385	3385	-1
3386	3386	-1
-1	-1	580
3387	3387	-1
-1	-1	581
3388	3388	-1
-1	-1	1731
3389	3389	-1
-1	-1	1808
3390	3390	-1
3391	3391	-1
-1	-1	582
-1	-1	583
-1	-1	584
-1	-1	585
-1	-1	586
-1	-1	265
-1	-1	587
-1	-1	588
-1	-1	589
-1	-1	590
3392	3392	-1
-1	-1	591
-1	-1	592
3393	3393	-1
3394	3394	-1
-1	-1	1466
-1	-1	593
3395	3395	-1
3396	3396	-1
3397	3397	-1
3398	3399	-1
3400	3402	-1
-1	-1	597
3403	3403	-1
-1	-1	598
-1	-1	2476
-1	-1	599
-1	-1	2311
3404	3404	-1
3405	3405	-1
-1	-1	600
3406	3406	-1
-1	-1	602
-1	-1	165
-1	-1	603
3407	3407	-1
-1	-1	1484
-1	-1	604
3408	3408	-1
-1	-1	605
-1	-1	606
-1	-1	1315
-1	-1	607
3409	3409	-1
-1	-1	608
-1	-1	609
-1	-1	610
-1	-1	611
-1	-1	612
-1	-1	2477
3410	3410	-1
3411	3411	-1
3412	3412	-1
-1	-1	613
3413	3414	-1
3415	3415	-1
-1	-1	614
3416	3416	-1
3417	3417	-1
3418	3418	-1
3419	3419	-1
-1	-1	2024
-1	-1	615
3420	3420	-1
3421	3421	-1
-1	-1	616
3422	3422	-1
3423	3423	-1
-1	-1	1868
3424	3425	-1
3426	3426	-1
3427	3427	-1
-1	-1	617
-1	-1	1933
3428	3428	-1
3429	3429	-1
3430	3430	-1
3431	3431	-1
3432	3432	-1
3433	3433	-1
3434	3434	-1
-1	-1	619
-1	-1	620
-1	-1	621
-1	-1	622
-1	-1	623
3435	3435	-1
3436	3436	-1
3437	3437	-1
3438	3438	-1
3439	3440	-1
3441	3441	-1
3442	3442	-1
3443	3443	-1
3444	3446	-1
3447	3447	-1
3448	3448	-1
3449	3449	-1
3450	3450	-1
3451	3451	-1
3452	3452	-1
3453	3454	-1
3455	3455	-1
-1	-1	624
-1	-1	625
3456	3456	-1
3457	3457	-1
-1	-1	1149
3458	3458	-1
-1	-1	1616
-1	-1	168
-1	-1	169
3459	3459	-1
-1	-1	626
3460	3460	-1
3461	3461	-1
3462	3462	-1
3463	3463	-1
3464	3464	-1
-1	-1	1188
3465	3465	-1
3466	3466	-1
3467	3467	-1
-1	-1	628
-1	-1	629
-1	-1	630
-1	-1	631
-1	-1	632
3468	3468	27
3469	3469	-1
3470	3470	128
3471	3471	-1
3472	3472	-1
3473	3473	-1
3474	3474	-1
3475	3475	-1
3476	3476	-1
3477	3477	-1
3478	3478	-1
3479	3479	-1
3480	3481	-1
3482	3483	-1
3484	3484	-1
3485	3485	-1
3486	3487	-1
-1	-1	633
-1	-1	634
-1	-1	635
3488	3488	-1
3489	3489	-1
3490	3490	-1
-1	-1	636
-1	-1	2478
3491	3491	-1
3492	3492	-1
-1	-1	638
-1	-1	639
-1	-1	640
-1	-1	641
-1	-1	1841
3493	3493	-1
-1	-1	642
3494	3494	-1
-1	-1	643
-1	-1	644
3495	3495	-1
3496	3496	-1
3497	3497	-1
-1	-1	1345
-1	-1	30
-1	-1	646
3498	3498	-1
3499	3499	-1
-1	-1	1363
3500	3500	-1
-1	-1	647
-1	-1	648
-1	-1	649
-1	-1	650
-1	-1	651
-1	-1	652
3501	3501	-1
-1	-1	653
-1	-1	654
3502	3502	-1
3503	3503	-1
-1	-1	1935
-1	-1	655
-1	-1	656
-1	-1	657
-1	-1	658
-1	-1	659
3504	3504	-1
3505	3505	-1
3506	3506	-1
-1	-1	661
3507	3509	1213
3510	3510	-1
-1	-1	662
3511	3511	-1
3512	3512	-1
3513	3513	-1
3514	3514	-1
-1	-1	664
-1	-1	107
3515	3515	-1
-1	-1	665
-1	-1	666
3516	3516	-1
3517	3517	-1
3518	3518	-1
3519	3519	-1
-1	-1	1985
3520	3520	-1
3521	3521	-1
-1	-1	668
3522	3522	-1
-1	-1	669
-1	-1	31
3523	3523	-1
-1	-1	1244
-1	-1	1254
3524	3524	-1
3525	3525	-1
-1	-1	670
3526	3526	-1
-1	-1	1842
3527	3527	-1
3528	3528	-1
3529	3529	-1
3530	3530	-1
-1	-1	671
-1	-1	672
3531	3531	-1
-1	-1	1305
3532	3532	-1
-1	-1	673
-1	-1	674
-1	-1	675
-1	-1	676
-1	-1	2273
-1	-1	677
-1	-1	1540
-1	-1	678
-1	-1	1423
-1	-1	1457
-1	-1	679
-1	-1	680
-1	-1	681
-1	-1	682
3533	3533	-1
-1	-1	1707
3534	3534	-1
3535	3535	-1
3536	3536	-1
-1	-1	683
-1	-1	1572
-1	-1	684
-1	-1	685
-1	-1	686
-1	-1	1882
3537	3537	-1
3538	3538	-1
3539	3541	-1
3542	3542	-1
3543	3543	-1
3544	3544	-1
3545	3545	-1
-1	-1	688
-1	-1	689
-1	-1	690
-1	-1	691
-1	-1	692
3546	3546	-1
-1	-1	693
-1	-1	694
3547	3547	-1
-1	-1	695
-1	-1	696
-1	-1	1938
3548	3548	-1
3549	3549	-1
-1	-1	698
3550	3550	-1
3551	3551	-1
3552	3552	-1
-1	-1	699
3553	3553	-1
-1	-1	1793
-1	-1	700
-1	-1	701
-1	-1	702
-1	-1	2479
-1	-1	703
-1	-1	1843
-1	-1	1844
-1	-1	1890
3554	3554	-1
3555	3555	-1
-1	-1	704
-1	-1	705
3556	3556	-1
-1	-1	707
-1	-1	708
-1	-1	709
-1	-1	710
3557	3557	-1
3558	3558	-1
-1	-1	1103
3559	3559	-1
-1	-1	1092
3560	3560	-1
3561	3561	-1
3562	3562	-1
3563	3563	-1
3564	3564	-1
3565	3565	-1
3566	3566	-1
3567	3567	-1
-1	-1	1911
3568	3568	-1
-1	-1	1233
-1	-1	1732
3569	3569	-1
-1	-1	1104
3570	3570	-1
-1	-1	711
-1	-1	1236
3571	3571	-1
-1	-1	2331
3572	3573	-1
3574	3574	-1
-1	-1	712
-1	-1	713
-1	-1	714
-1	-1	715
-1	-1	716
-1	-1	717
-1	-1	1709
3575	3575	-1
-1	-1	718
3576	3576	-1
-1	-1	719
-1	-1	720
-1	-1	721
3577	3577	-1
-1	-1	722
-1	-1	723
-1	-1	724
-1	-1	725
-1	-1	726
-1	-1	727
-1	-1	728
-1	-1	729
3578	3578	133
-1	-1	730
-1	-1	731
-1	-1	732
3579	3579	-1
3580	3580	-1
-1	-1	733
-1	-1	734
-1	-1	2428
3581	3581	-1
-1	-1	2480
-1	-1	735
-1	-1	1237
3582	3582	-1
3583	3583	-1
-1	-1	736
3584	3584	-1
3585	3585	-1
3586	3586	-1
-1	-1	2429
-1	-1	737
3587	3587	2389
-1	-1	738
-1	-1	739
-1	-1	740
-1	-1	741
-1	-1	742
-1	-1	743
-1	-1	744
-1	-1	745
3588	3588	-1
3589	3589	-1
-1	-1	177
3590	3591	-1
3592	3592	-1
3593	3593	-1
3594	3594	-1
-1	-1	2341
-1	-1	179
3595	3595	-1
3596	3596	-1
3597	3597	-1
3598	3598	-1
3599	3600	-1
3601	3604	-1
3605	3605	-1
-1	-1	1712
3606	3606	-1
3607	3607	-1
3608	3608	-1
3609	3609	-1
3610	3612	-1
3613	3613	-1
3614	3614	-1
-1	-1	2243
-1	-1	181
-1	-1	746
-1	-1	35
-1	-1	747
-1	-1	748
3615	3615	-1
-1	-1	749
-1	-1	1364
3616	3617	-1
-1	-1	2086
-1	-1	1526
-1	-1	750
3618	3618	-1
-1	-1	751
-1	-1	752
-1	-1	753
3619	3619	-1
-1	-1	754
3620	3620	-1
-1	-1	755
-1	-1	756
3621	3621	-1
-1	-1	757
3622	3622	-1
-1	-1	758
-1	-1	759
-1	-1	760
-1	-1	761
-1	-1	762
-1	-1	763
-1	-1	764
3623	3623	-1
-1	-1	765
3624	3624	82
-1	-1	766
3625	3625	-1
-1	-1	767
3626	3626	-1
3627	3627	-1
3628	3628	-1
-1	-1	769
-1	-1	1161
-1	-1	2293
-1	-1	770
-1	-1	771
-1	-1	772
-1	-1	2392
-1	-1	773
-1	-1	1891
-1	-1	774
-1	-1	775
-1	-1	776
3629	3629	-1
-1	-1	777
-1	-1	778
-1	-1	779
-1	-1	780
-1	-1	781
-1	-1	782
3630	3630	-1
-1	-1	784
-1	-1	1862
-1	-1	1986
-1	-1	1987
-1	-1	785
-1	-1	786
3631	3631	-1
3632	3632	-1
-1	-1	787
-1	-1	788
3633	3633	-1
-1	-1	789
-1	-1	790
-1	-1	791
-1	-1	792
-1	-1	793
-1	-1	794
-1	-1	795
-1	-1	796
-1	-1	797
-1	-1	798
-1	-1	799
3634	3634	-1
-1	-1	801
-1	-1	802
3635	3635	-1
-1	-1	803
-1	-1	804
-1	-1	805
-1	-1	806
-1	-1	807
3636	3636	-1
-1	-1	808
-1	-1	809
-1	-1	810
-1	-1	811
-1	-1	812
3637	3637	-1
-1	-1	813
-1	-1	814
-1	-1	815
-1	-1	816
-1	-1	817
-1	-1	818
3638	3638	-1
3639	3639	-1
3640	3640	-1
3641	3641	-1
3642	3642	-1
-1	-1	819
-1	-1	820
3643	3643	-1
3644	3644	-1
3645	3645	-1
3646	3646	-1
3647	3647	-1
-1	-1	2276
3648	3648	-1
3649	3649	-1
3650	3650	-1
3651	3651	-1
3652	3652	-1
3653	3653	-1
3654	3655	-1
3656	3656	-1
-1	-1	823
-1	-1	824
-1	-1	825
3657	3657	-1
3658	3658	-1
3659	3659	-1
3660	3660	-1
3661	3662	-1
3663	3663	-1
-1	-1	2026
-1	-1	826
3664	3666	-1
-1	-1	1094
3667	3667	-1
3668	3668	-1
3669	3669	-1
3670	3670	-1
3671	3671	-1
3672	3672	-1
-1	-1	827
3673	3673	-1
3674	3674	-1
-1	-1	2087
-1	-1	828
-1	-1	829
3675	3675	136
-1	-1	830
-1	-1	184
3676	3676	185
-1	-1	831
-1	-1	832
-1	-1	833
3677	3678	-1
3679	3679	-1
3680	3680	-1
3681	3681	-1
3682	3682	-1
3683	3683	-1
3684	3684	-1
3685	3685	-1
3686	3686	-1
3687	3687	-1
3688	3689	-1
3690	3690	-1
3691	3691	-1
3692	3692	-1
3693	3693	-1
-1	-1	1424
-1	-1	835
-1	-1	836
3694	3694	-1
3695	3695	-1
-1	-1	837
3696	3696	-1
-1	-1	2402
3697	3697	-1
3698	3698	1989
-1	-1	838
3699	3700	-1
-1	-1	839
3701	3701	-1
-1	-1	840
-1	-1	841
3702	3702	842
-1	-1	843
3703	3703	-1
-1	-1	844
3704	3704	-1
3705	3705	-1
3706	3706	-1
3707	3707	-1
-1	-1	845
-1	-1	846
-1	-1	847
-1	-1	848
3708	3708	-1
3709	3709	-1
-1	-1	850
3710	3710	-1
3711	3711	-1
3712	3712	-1
-1	-1	854
-1	-1	855
-1	-1	856
3713	3713	-1
3714	3714	-1
3715	3715	-1
-1	-1	1846
3716	3716	-1
-1	-1	858
-1	-1	859
-1	-1	860
-1	-1	861
3717	3717	-1
-1	-1	862
-1	-1	863
-1	-1	864
-1	-1	865
3718	3718	-1
3719	3719	2037
-1	-1	1366
3720	3720	-1
3721	3722	-1
3723	3723	-1
3724	3724	-1
3725	3725	-1
-1	-1	2384
3726	3726	-1
3727	3728	-1
3729	3729	-1
3730	3730	-1
3731	3732	-1
3733	3735	-1
3736	3736	-1
3737	3737	-1
3738	3739	-1
-1	-1	1735
3740	3740	-1
3741	3741	-1
3742	3742	-1
-1	-1	1714
-1	-1	111
3743	3743	-1
3744	3744	-1
3745	3745	-1
3746	3746	-1
-1	-1	867
3747	3747	-1
-1	-1	1940
3748	3748	-1
3749	3749	-1
3750	3750	-1
-1	-1	868
3751	3751	-1
-1	-1	1736
-1	-1	869
3752	3752	-1
3753	3753	-1
3754	3754	-1
-1	-1	2438
3755	3755	-1
3756	3756	-1
3757	3757	-1
3758	3758	-1
-1	-1	870
3759	3759	-1
3760	3760	-1
-1	-1	2277
-1	-1	37
3761	3761	-1
3762	3762	-1
3763	3763	-1
3764	3764	-1
3765	3765	-1
3766	3766	-1
3767	3767	-1
3768	3769	-1
-1	-1	2207
3770	3771	-1
-1	-1	871
-1	-1	872
3772	3772	-1
3773	3773	-1
3774	3774	-1
-1	-1	2365
3775	3775	-1
-1	-1	2090
3776	3776	-1
3777	3777	-1
3778	3779	-1
3780	3780	-1
3781	3781	-1
3782	3782	-1
3783	3783	-1
-1	-1	874
-1	-1	875
3784	3784	-1
3785	3785	-1
-1	-1	38
-1	-1	876
3786	3786	-1
-1	-1	1974
3787	3787	-1
3788	3788	-1
3789	3789	-1
-1	-1	877
3790	3790	-1
3791	3791	-1
3792	3792	-1
-1	-1	1528
3793	3793	-1
3794	3794	-1
3795	3795	1738
3796	3796	-1
-1	-1	91
3797	3799	-1
-1	-1	2208
3800	3800	-1
3801	3801	-1
-1	-1	39
3802	3802	-1
3803	3803	-1
3804	3804	-1
-1	-1	879
3805	3805	-1
-1	-1	880
-1	-1	881
-1	-1	882
-1	-1	883
3806	3806	-1
3807	3807	-1
3808	3808	-1
3809	3809	-1
3810	3810	-1
3811	3811	-1
-1	-1	884
-1	-1	885
3812	3812	-1
-1	-1	886
-1	-1	887
-1	-1	888
-1	-1	889
3813	3813	-1
-1	-1	2430
3814	3814	-1
3815	3816	-1
3817	3817	-1
3818	3818	-1
3819	3819	-1
3820	3820	-1
-1	-1	890
3821	3821	-1
-1	-1	891
3822	3822	-1
-1	-1	190
3823	3823	-1
3824	3824	-1
3825	3825	-1
-1	-1	2395
-1	-1	251
3826	3826	-1
3827	3827	-1
-1	-1	2142
-1	-1	2513
-1	-1	892
3828	3828	-1
3829	3829	-1
3830	3830	-1
3831	3831	-1
3832	3832	1796
3833	3833	-1
3834	3834	-1
3835	3836	-1
-1	-1	1492
-1	-1	191
3837	3837	-1
-1	-1	893
3838	3838	-1
3839	3839	-1
-1	-1	894
-1	-1	895
3840	3840	-1
3841	3841	-1
-1	-1	896
-1	-1	897
-1	-1	898
-1	-1	899
-1	-1	192
3842	3842	-1
3843	3843	-1
-1	-1	900
3844	3844	-1
-1	-1	2304
3845	3845	-1
3846	3846	-1
-1	-1	1134
-1	-1	1459
3847	3848	-1
3849	3849	-1
3850	3850	-1
3851	3851	-1
3852	3852	-1
-1	-1	901
3853	3853	-1
3854	3854	-1
3855	3855	-1
-1	-1	902
-1	-1	903
-1	-1	904
-1	-1	905
3856	3856	-1
-1	-1	906
-1	-1	907
3857	3857	-1
3858	3862	-1
3863	3863	-1
3864	3864	-1
3865	3865	-1
3866	3866	-1
3867	3867	-1
-1	-1	1153
3868	3868	-1
3869	3869	-1
3870	3870	-1
3871	3871	-1
-1	-1	41
3872	3872	-1
3873	3873	-1
3874	3880	-1
3881	3881	-1
-1	-1	2184
3882	3882	-1
-1	-1	909
-1	-1	910
-1	-1	2455
3883	3883	-1
-1	-1	911
-1	-1	912
-1	-1	913
-1	-1	914
-1	-1	915
-1	-1	916
-1	-1	917
-1	-1	918
3884	3884	-1
3885	3885	-1
3886	3886	-1
3887	3887	-1
-1	-1	921
-1	-1	922
3888	3888	-1
3889	3889	-1
-1	-1	923
-1	-1	924
3890	3890	-1
-1	-1	925
3891	3891	-1
-1	-1	2396
3892	3892	-1
3893	3893	-1
-1	-1	926
-1	-1	927
3894	3894	-1
3895	3895	-1
-1	-1	928
-1	-1	929
3896	3896	-1
3897	3897	-1
3898	3898	-1
3899	3899	-1
3900	3900	-1
3901	3901	-1
3902	3902	-1
3903	3903	-1
-1	-1	931
-1	-1	1958
3904	3904	-1
3905	3905	-1
-1	-1	1246
3906	3906	255
3907	3914	-1
-1	-1	1256
3915	3918	-1
3919	3919	-1
3920	3920	-1
3921	3921	-1
3922	3922	-1
3923	3923	-1
-1	-1	1268
3924	3924	1485
-1	-1	932
-1	-1	933
-1	-1	934
-1	-1	935
3925	3925	-1
3926	3926	-1
3927	3927	-1
-1	-1	936
3928	3928	-1
3929	3929	-1
-1	-1	937
-1	-1	938
3930	3930	-1
-1	-1	2515
3931	3931	-1
-1	-1	939
3932	3932	-1
-1	-1	940
-1	-1	941
-1	-1	942
3933	3933	-1
3934	3936	-1
3937	3937	-1
-1	-1	1226
3938	3938	-1
-1	-1	42
3939	3939	-1
-1	-1	943
-1	-1	944
-1	-1	945
-1	-1	946
-1	-1	947
3940	3940	-1
-1	-1	1565
-1	-1	948
3941	3941	-1
3942	3942	-1
-1	-1	949
-1	-1	2397
-1	-1	1913
3943	3943	-1
3944	3944	-1
3945	3945	-1
-1	-1	950
3946	3946	-1
-1	-1	951
3947	3947	-1
-1	-1	953
-1	-1	954
3948	3948	-1
3949	3949	-1
-1	-1	955
3950	3950	-1
-1	-1	2431
-1	-1	2398
-1	-1	956
-1	-1	957
-1	-1	958
3951	3951	-1
-1	-1	959
-1	-1	960
-1	-1	961
-1	-1	962
-1	-1	963
-1	-1	964
-1	-1	965
3952	3952	-1
-1	-1	966
-1	-1	1297
-1	-1	1502
3953	3953	-1
3954	3954	-1
-1	-1	967
-1	-1	968
-1	-1	969
-1	-1	970
-1	-1	971
-1	-1	972
-1	-1	973
3955	3955	-1
-1	-1	974
3956	3956	-1
3957	3957	-1
3958	3958	-1
3959	3959	-1
-1	-1	977
-1	-1	978
-1	-1	979
-1	-1	980
3960	3960	-1
3961	3961	1753
-1	-1	1944
3962	3962	-1
-1	-1	1945
3963	3963	-1
3964	3964	-1
3965	3965	-1
3966	3966	-1
-1	-1	981
3967	3967	-1
-1	-1	982
-1	-1	983
3968	3968	-1
-1	-1	984
3969	3969	-1
-1	-1	1872
-1	-1	2456
-1	-1	985
-1	-1	986
3970	3970	987
3971	3971	-1
-1	-1	988
-1	-1	989
-1	-1	990
-1	-1	991
-1	-1	992
3972	3973	-1
3974	3975	-1
3976	3976	43
-1	-1	995
-1	-1	996
-1	-1	997
3977	3977	1847
-1	-1	998
-1	-1	999
-1	-1	1000
-1	-1	1001
3978	3978	-1
-1	-1	1002
-1	-1	1003
-1	-1	1004
-1	-1	1005
-1	-1	1006
3979	3979	-1
-1	-1	1008
-1	-1	1009
-1	-1	1010
-1	-1	1011
3980	3980	-1
3981	3982	-1
3983	3984	-1
3985	3985	-1
3986	3992	-1
3993	3993	-1
3994	3994	-1
-1	-1	1672
3995	3998	-1
3999	4000	-1
4001	4001	-1
4002	4003	-1
-1	-1	1634
4004	4004	-1
4005	4005	-1
4006	4006	-1
4007	4007	-1
4008	4008	-1
4009	4009	-1
4010	4011	-1
-1	-1	1016
4012	4012	-1
-1	-1	1017
4013	4013	-1
4014	4016	-1
4017	4017	-1
4018	4019	-1
4020	4021	-1
4022	4040	-1
4041	4042	-1
4043	4049	-1
4050	4051	-1
4052	4052	-1
4053	4055	-1
4056	4066	2327
4067	4067	-1
-1	-1	2378
4068	4068	-1
4069	4073	-1
-1	-1	47
4074	4074	-1
4075	4077	-1
4078	4078	-1
4079	4079	-1
4080	4080	-1
4081	4081	-1
4082	4082	-1
4083	4084	-1
4085	4088	-1
4089	4089	-1
4090	4090	-1
4091	4092	-1
4093	4097	-1
4098	4098	-1
4099	4099	-1
4100	4100	-1
4101	4101	1961
4102	4103	-1
4104	4104	-1
4105	4106	-1
4107	4108	-1
4109	4110	-1
4111	4112	-1
4113	4113	-1
-1	-1	1962
4114	4114	-1
4115	4115	-1
-1	-1	1023
4116	4116	-1
4117	4118	-1
4119	4119	1640
4120	4123	-1
-1	-1	1024
-1	-1	1025
-1	-1	1026
-1	-1	1027
-1	-1	1028
4124	4124	-1
-1	-1	1688
4125	4125	-1
-1	-1	1030
4126	4126	-1
-1	-1	1031
-1	-1	1032
4127	4128	-1
-1	-1	1033
4129	4129	-1
-1	-1	1034
4130	4130	-1
-1	-1	1036
-1	-1	1037
-1	-1	1038
-1	-1	1039
4131	4131	-1
-1	-1	1041
-1	-1	1779
-1	-1	1042
-1	-1	1247
-1	-1	49
-1	-1	1043
-1	-1	1044
-1	-1	1045
-1	-1	1046
-1	-1	2399
-1	-1	1047
4132	4132	-1
4133	4133	-1
-1	-1	2457
-1	-1	2149
-1	-1	2040
4134	4134	-1
-1	-1	1050
4135	4135	-1
4136	4136	-1
4137	4137	-1
4138	4138	-1
4139	4139	-1
4140	4140	-1
4141	4141	-1
4142	4142	-1
4143	4143	-1
4144	4144	-1
4145	4147	-1
4148	4148	-1
4149	4151	-1
4152	4152	-1
4153	4154	-1
4155	4155	-1
4156	4160	-1
4161	4161	-1
4162	4164	-1
4165	4165	-1
4166	4166	-1
4167	4168	-1
4169	4169	-1
4170	4170	-1
-1	-1	2464
4171	4171	-1
-1	-1	1324
4172	4172	-1
4173	4173	-1
4174	4174	1947
4175	4175	-1
4176	4176	-1
4177	4177	262
4178	4178	-1
4179	4179	-1
4180	4180	-1
-1	-1	2105
-1	-1	1053
-1	-1	1054
-1	-1	1814
-1	-1	1055
-1	-1	1056
-1	-1	2185
4181	4181	-1
-1	-1	1058
-1	-1	1059
4182	4182	-1
-1	-1	1948
-1	-1	2288
4183	4183	-1
-1	-1	1060
-1	-1	1061
-1	-1	1062
-1	-1	1063
-1	-1	1064
-1	-1	1065
4184	4184	-1
-1	-1	1916
4185	4185	-1
4186	4186	-1
4187	4187	-1
4188	4188	-1
-1	-1	1066
-1	-1	1067
-1	-1	1068
-1	-1	1069
-1	-1	1070
-1	-1	1071
4189	4189	-1
-1	-1	1072
-1	-1	1073
4190	4190	-1
-1	-1	1074
4191	4191	-1
-1	-1	1075
-1	-1	1248
-1	-1	2186
4192	4192	-1
4193	4193	-1
-1	-1	1078
4194	4194	-1
4195	4195	-1
4196	4196	-1
-1	-1	1081
-1	-1	1082
-1	-1	1083
-1	-1	1084
-1	-1	1085
-1	-1	1086
4197	4197	-1
4198	4198	-1
4199	4199	-1
4200	4200	-1
4201	4201	-1
4202	4202	-1
4203	4203	-1
4204	4204	-1
4205	4205	-1
4206	4206	-1
4207	4207	-1
-1	-1	267
-1	-1	274
4208	4208	-1
-1	-1	1309
4209	4209	-1
4210	4210	1
-1	-1	2096
4211	4211	-1
-1	-1	1430
-1	-1	1771
-1	-1	307
4212	4212	-1
-1	-1	151
4213	4213	-1
4214	4214	-1
4215	4215	-1
4216	4216	-1
4217	4217	-1
-1	-1	2425
-1	-1	200
-1	-1	100
4218	4218	-1
4219	4219	-1
-1	-1	2330
4220	4220	-1
4221	4221	-1
-1	-1	1451
-1	-1	325
-1	-1	327
4222	4222	-1
4223	4223	-1
4224	4224	-1
-1	-1	335
-1	-1	337
-1	-1	1721
-1	-1	338
4225	4225	-1
4226	4226	-1
-1	-1	2160
-1	-1	1642
4227	4227	-1
4228	4228	-1
4229	4229	-1
4230	4230	-1
-1	-1	2449
-1	-1	1964
-1	-1	7
4231	4231	-1
4232	4232	-1
4233	4233	-1
4234	4234	-1
-1	-1	8
4235	4235	-1
4236	4237	-1
4238	4238	-1
-1	-1	1462
-1	-1	1453
4239	4239	-1
-1	-1	1659
4240	4240	-1
-1	-1	53
4241	4241	2076
-1	-1	1511
-1	-1	1743
-1	-1	2263
-1	-1	2177
4242	4242	-1
-1	-1	1818
-1	-1	203
4243	4243	-1
4244	4244	-1
4245	4245	-1
4246	4246	-1
-1	-1	1723
-1	-1	353
-1	-1	2461
4247	4247	-1
4248	4248	-1
4249	4249	-1
-1	-1	152
4250	4250	-1
-1	-1	2472
4251	4251	-1
-1	-1	2187
4252	4252	-1
4253	4253	-1
4254	4254	-1
4255	4255	-1
-1	-1	1407
4256	4256	-1
4257	4257	-1
-1	-1	1919
4258	4258	-1
-1	-1	1417
4259	4259	-1
-1	-1	364
-1	-1	366
4260	4260	-1
-1	-1	2473
4261	4261	-1
4262	4262	-1
4263	4263	-1
4264	4264	-1
4265	4265	-1
-1	-1	2224
-1	-1	378
-1	-1	204
-1	-1	1833
-1	-1	379
4266	4266	205
-1	-1	2016
4267	4267	-1
-1	-1	2030
-1	-1	2135
4268	4268	-1
4269	4270	-1
4271	4272	-1
4273	4273	-1
4274	4274	-1
4275	4275	-1
-1	-1	211
4276	4276	-1
-1	-1	1108
-1	-1	2264
-1	-1	2306
-1	-1	2466
-1	-1	1907
4277	4277	-1
-1	-1	2136
4278	4278	-1
4279	4279	-1
4280	4280	-1
4281	4281	-1
4282	4282	-1
-1	-1	54
4283	4283	-1
4284	4284	-1
-1	-1	1418
4285	4285	-1
4286	4286	-1
4287	4287	-1
4288	4288	-1
4289	4289	-1
-1	-1	2053
-1	-1	157
4290	4290	-1
4291	4291	-1
4292	4292	-1
-1	-1	395
-1	-1	1325
-1	-1	1834
4293	4293	-1
-1	-1	2017
4294	4294	-1
-1	-1	400
4295	4295	-1
-1	-1	2197
-1	-1	1754
4296	4296	-1
-1	-1	410
4297	4297	-1
-1	-1	1087
4298	4298	-1
-1	-1	1583
4299	4299	-1
-1	-1	1598
4300	4300	-1
-1	-1	2299
4301	4301	-1
-1	-1	1249
4302	4302	-1
4303	4303	-1
-1	-1	2151
-1	-1	2403
4304	4304	-1
4305	4305	-1
-1	-1	2152
4306	4306	-1
-1	-1	2115
-1	-1	1145
-1	-1	1924
4307	4307	-1
4308	4308	-1
-1	-1	2237
4309	4309	-1
4310	4310	-1
4311	4311	-1
-1	-1	10
4312	4312	-1
-1	-1	1127
-1	-1	1567
4313	4313	-1
-1	-1	1118
4314	4314	-1
4315	4315	-1
-1	-1	1622
4316	4316	-1
4317	4317	-1
4318	4318	-1
4319	4319	-1
4320	4320	-1
-1	-1	1587
4321	4321	-1
-1	-1	1530
4322	4322	-1
-1	-1	1320
4323	4323	-1
-1	-1	2372
4324	4324	-1
-1	-1	1995
-1	-1	2317
-1	-1	1377
-1	-1	1097
-1	-1	2467
-1	-1	1463
-1	-1	2078
-1	-1	1240
-1	-1	2079
4325	4325	-1
-1	-1	218
-1	-1	158
-1	-1	1568
-1	-1	2373
4326	4326	-1
4327	4327	-1
4328	4328	-1
4329	4329	-1
4330	4330	-1
4331	4331	-1
-1	-1	426
-1	-1	2420
-1	-1	13
4332	4332	-1
4333	4333	-1
4334	4334	-1
-1	-1	1559
4335	4335	-1
-1	-1	220
4336	4336	-1
-1	-1	2179
-1	-1	2474
-1	-1	1836
-1	-1	440
-1	-1	2318
4337	4337	-1
-1	-1	1866
4338	4338	-1
4339	4339	-1
-1	-1	2012
4340	4340	-1
4341	4341	-1
4342	4342	-1
4343	4343	-1
4344	4344	-1
-1	-1	456
4345	4345	-1
-1	-1	1899
4346	4346	-1
-1	-1	1996
-1	-1	1378
4347	4347	-1
4348	4348	-1
4349	4349	-1
4350	4350	-1
-1	-1	2068
4351	4351	-1
4352	4352	-1
-1	-1	2249
-1	-1	2404
-1	-1	221
-1	-1	463
4353	4353	-1
4354	4354	-1
4355	4355	-1
4356	4356	-1
-1	-1	1926
-1	-1	2238
4357	4357	-1
-1	-1	119
4358	4358	-1
-1	-1	17
-1	-1	1874
-1	-1	1409
4359	4359	-1
-1	-1	1660
4360	4360	-1
4361	4361	-1
4362	4362	-1
4363	4363	-1
4364	4365	1443
4366	4366	-1
-1	-1	1183
4367	4367	-1
4368	4368	-1
4369	4369	-1
4370	4370	-1
4371	4371	1815
4372	4372	-1
4373	4373	-1
4374	4374	-1
-1	-1	1577
4375	4375	-1
4376	4376	-1
4377	4377	-1
4378	4378	-1
4379	4379	-1
-1	-1	2301
4380	4380	-1
-1	-1	103
-1	-1	2421
-1	-1	2405
-1	-1	1128
-1	-1	1789
-1	-1	2239
-1	-1	1410
4381	4381	-1
4382	4382	-1
4383	4383	-1
-1	-1	2168
4384	4384	-1
4385	4385	-1
4386	4386	-1
4387	4387	-1
4388	4388	-1
4389	4389	-1
4390	4390	-1
4391	4391	-1
4392	4392	-1
-1	-1	1464
4393	4393	-1
4394	4394	-1
-1	-1	1158
4395	4395	-1
-1	-1	1099
4396	4396	-1
4397	4397	-1
4398	4398	-1
4399	4399	-1
4400	4400	-1
4401	4401	-1
4402	4402	-1
-1	-1	1157
4403	4403	-1
-1	-1	1505
-1	-1	1159
-1	-1	2487
-1	-1	1327
4404	4404	-1
-1	-1	1454
-1	-1	2374
-1	-1	1821
-1	-1	2225
-1	-1	2240
4405	4405	-1
-1	-1	2019
-1	-1	1119
-1	-1	1579
4406	4406	-1
4407	4407	2041
-1	-1	2137
-1	-1	1482
4408	4408	-1
4409	4409	-1
4410	4410	-1
4411	4411	-1
-1	-1	2412
4412	4412	-1
4413	4413	-1
-1	-1	1455
4414	4414	-1
-1	-1	1262
4415	4415	-1
-1	-1	2434
-1	-1	1301
4416	4416	-1
-1	-1	1306
4417	4417	-1
4418	4418	230
4419	4419	-1
4420	4420	-1
-1	-1	2021
4421	4421	63
4422	4422	-1
4423	4424	2198
-1	-1	1928
-1	-1	1274
4425	4425	-1
-1	-1	2050
4426	4427	-1
4428	4428	-1
-1	-1	2180
4429	4429	-1
-1	-1	1929
-1	-1	481
4430	4430	-1
-1	-1	1307
-1	-1	485
-1	-1	1701
-1	-1	2013
-1	-1	1312
4431	4431	-1
-1	-1	2388
-1	-1	1822
4432	4432	-1
-1	-1	1756
-1	-1	1160
-1	-1	162
-1	-1	1101
-1	-1	2337
-1	-1	2488
4433	4433	-1
4434	4434	-1
4435	4435	-1
-1	-1	1380
4436	4436	-1
4437	4437	-1
-1	-1	1757
4438	4438	-1
4439	4439	-1
4440	4440	-1
4441	4441	-1
-1	-1	1293
4442	4442	-1
4443	4443	-1
-1	-1	2375
4444	4444	-1
4445	4445	-1
4446	4446	-1
-1	-1	2468
4447	4447	-1
-1	-1	2269
-1	-1	1728
4448	4448	-1
4449	4449	20
4450	4450	-1
4451	4451	-1
-1	-1	1435
-1	-1	232
4452	4453	-1
4454	4454	-1
4455	4456	-1
-1	-1	1361
4457	4457	-1
4458	4458	-1
4459	4459	-1
4460	4460	-1
4461	4461	-1
-1	-1	2376
4462	4462	-1
-1	-1	1570
4463	4463	-1
4464	4464	-1
4465	4465	-1
-1	-1	2414
-1	-1	1930
4466	4466	-1
4467	4467	-1
4468	4468	163
4469	4469	-1
4470	4470	-1
4471	4471	-1
4472	4472	-1
-1	-1	2081
4473	4473	-1
4474	4474	-1
-1	-1	1590
4475	4475	-1
4476	4476	-1
-1	-1	234
-1	-1	2435
-1	-1	22
4477	4477	-1
4478	4478	-1
-1	-1	549
-1	-1	1381
4479	4479	-1
-1	-1	2070
4480	4480	-1
-1	-1	2190
-1	-1	1493
4481	4481	-1
4482	4482	-1
4483	4483	-1
4484	4484	-1
-1	-1	1344
4485	4485	-1
-1	-1	71
-1	-1	1744
4486	4486	-1
4487	4487	-1
4488	4488	-1
-1	-1	2082
4489	4490	-1
-1	-1	1166
4491	4491	-1
4492	4492	-1
4493	4493	-1
4494	4494	-1
4495	4495	-1
4496	4496	-1
4497	4497	-1
4498	4498	-1
4499	4499	-1
-1	-1	2320
4500	4500	-1
4501	4501	-1
-1	-1	1091
4502	4502	-1
4503	4503	-1
-1	-1	1867
-1	-1	2170
4504	4504	-1
-1	-1	2310
4505	4505	-1
-1	-1	105
4506	4506	-1
-1	-1	2321
4507	4507	-1
4508	4508	-1
-1	-1	1745
4509	4509	73
-1	-1	2359
4510	4510	-1
-1	-1	1250
-1	-1	1167
-1	-1	1601
4511	4511	-1
-1	-1	2415
4512	4512	-1
4513	4513	-1
-1	-1	2406
-1	-1	1875
-1	-1	1603
-1	-1	1168
-1	-1	2323
-1	-1	1952
4514	4514	-1
4515	4515	-1
4516	4516	-1
4517	4517	-1
-1	-1	1420
-1	-1	1554
4518	4518	-1
4519	4519	-1
-1	-1	2509
4520	4520	-1
4521	4521	-1
4522	4522	-1
4523	4523	-1
4524	4524	-1
-1	-1	1205
-1	-1	1252
4525	4525	-1
-1	-1	1120
4526	4526	-1
4527	4527	-1
-1	-1	1328
4528	4528	-1
4529	4529	-1
-1	-1	1766
-1	-1	1232
-1	-1	2338
4530	4530	2348
4531	4531	-1
4532	4532	-1
-1	-1	1767
4533	4533	1187
4534	4534	-1
4535	4535	-1
4536	4536	-1
-1	-1	2117
4537	4537	-1
-1	-1	1805
-1	-1	1210
4538	4538	-1
4539	4539	-1
4540	4540	-1
4541	4541	-1
-1	-1	236
4542	4542	-1
4543	4543	2292
4544	4544	-1
4545	4545	-1
-1	-1	1881
4546	4546	-1
-1	-1	1518
4547	4547	-1
-1	-1	1689
-1	-1	1131
-1	-1	1730
4548	4548	-1
-1	-1	2043
4549	4549	-1
4550	4550	-1
4551	4551	-1
-1	-1	1677
-1	-1	1955
-1	-1	1507
-1	-1	568
-1	-1	1901
4552	4552	-1
4553	4553	-1
-1	-1	579
4554	4554	-1
4555	4555	-1
-1	-1	1263
4556	4556	-1
-1	-1	1286
-1	-1	1465
4557	4557	-1
4558	4558	-1
-1	-1	2032
4559	4559	-1
-1	-1	1314
4560	4560	-1
4561	4561	-1
4562	4562	-1
4563	4563	-1
-1	-1	1501
4564	4564	-1
-1	-1	594
-1	-1	595
-1	-1	596
-1	-1	2252
-1	-1	1691
4565	4565	-1
-1	-1	601
4566	4566	-1
4567	4567	-1
-1	-1	1173
4568	4568	-1
-1	-1	1243
-1	-1	2377
4569	4569	-1
-1	-1	1132
4570	4570	-1
-1	-1	1678
4571	4571	-1
4572	4572	-1
-1	-1	1792
-1	-1	1823
-1	-1	166
-1	-1	1703
-1	-1	2496
4573	4573	-1
-1	-1	2033
-1	-1	2107
-1	-1	1253
4574	4574	-1
-1	-1	618
-1	-1	2163
-1	-1	1211
4575	4575	-1
-1	-1	2138
-1	-1	2360
4576	4576	-1
-1	-1	1591
-1	-1	1624
4577	4577	-1
-1	-1	2005
4578	4578	-1
-1	-1	2271
4579	4579	-1
4580	4580	-1
-1	-1	2054
-1	-1	1774
4581	4581	-1
4582	4582	-1
4583	4583	-1
4584	4584	-1
4585	4585	-1
-1	-1	2227
-1	-1	1508
4586	4586	-1
4587	4587	-1
4588	4588	-1
-1	-1	2156
-1	-1	1605
4589	4589	-1
4590	4590	-1
4591	4591	-1
4592	4592	-1
-1	-1	237
-1	-1	171
-1	-1	1169
4593	4593	-1
-1	-1	627
-1	-1	1111
4594	4594	-1
-1	-1	1333
4595	4595	-1
-1	-1	2034
4596	4596	-1
4597	4597	-1
4598	4598	-1
4599	4599	-1
-1	-1	2422
4600	4600	-1
4601	4601	-1
4602	4602	-1
4603	4603	-1
4604	4604	-1
4605	4605	-1
4606	4606	-1
4607	4607	-1
4608	4608	-1
4609	4609	-1
4610	4610	-1
4611	4611	29
4612	4612	-1
4613	4613	-1
4614	4614	-1
-1	-1	1334
-1	-1	2340
-1	-1	132
-1	-1	2084
-1	-1	1801
-1	-1	645
-1	-1	2202
-1	-1	2112
4615	4615	-1
4616	4616	-1
-1	-1	2108
4617	4617	-1
-1	-1	660
-1	-1	1984
4618	4618	-1
-1	-1	1189
4619	4619	-1
4620	4620	-1
4621	4621	-1
4622	4622	-1
-1	-1	266
4623	4623	-1
-1	-1	663
4624	4624	-1
-1	-1	667
-1	-1	2203
4625	4625	-1
-1	-1	2182
4626	4626	-1
-1	-1	1799
4627	4627	-1
-1	-1	1150
4628	4628	-1
-1	-1	1571
-1	-1	2119
4629	4629	-1
-1	-1	1491
4630	4630	-1
-1	-1	1422
-1	-1	2253
-1	-1	1562
-1	-1	2158
4631	4631	-1
-1	-1	2140
-1	-1	32
4632	4632	-1
-1	-1	687
4633	4633	-1
4634	4634	-1
-1	-1	1541
4635	4635	-1
4636	4636	-1
4637	4637	77
4638	4638	-1
4639	4639	-1
4640	4640	-1
-1	-1	697
-1	-1	174
4641	4641	175
-1	-1	2324
-1	-1	1542
-1	-1	2312
4642	4642	-1
-1	-1	1708
-1	-1	706
4643	4643	-1
4644	4644	-1
-1	-1	176
4645	4645	-1
4646	4646	-1
4647	4647	-1
-1	-1	2489
-1	-1	1295
4648	4648	-1
4649	4649	-1
-1	-1	2100
-1	-1	1618
4650	4650	-1
4651	4651	-1
-1	-1	1693
4652	4652	-1
4653	4653	-1
-1	-1	1346
4654	4654	-1
-1	-1	1710
-1	-1	1861
4655	4655	-1
4656	4656	-1
4657	4657	-1
-1	-1	2332
-1	-1	2436
-1	-1	2481
4658	4658	-1
4659	4659	-1
4660	4660	-1
-1	-1	2390
4661	4661	-1
4662	4662	-1
4663	4663	-1
4664	4664	-1
-1	-1	1903
4665	4665	-1
4666	4666	-1
-1	-1	1971
-1	-1	1398
4667	4667	-1
-1	-1	2204
4668	4668	-1
4669	4669	-1
-1	-1	2342
4670	4670	-1
-1	-1	1939
4671	4671	-1
4672	4672	-1
4673	4673	-1
4674	4674	-1
-1	-1	2391
-1	-1	1581
4675	4675	-1
4676	4676	-1
4677	4677	-1
4678	4678	-1
4679	4679	-1
-1	-1	1606
-1	-1	2205
-1	-1	2206
4680	4680	-1
4681	4681	-1
-1	-1	1139
-1	-1	2454
4682	4682	-1
-1	-1	1197
-1	-1	2014
-1	-1	2437
4683	4683	-1
-1	-1	1713
-1	-1	768
4684	4684	-1
-1	-1	783
-1	-1	1276
-1	-1	1277
4685	4685	-1
-1	-1	800
4686	4686	-1
4687	4687	-1
4688	4688	-1
-1	-1	1733
-1	-1	2482
-1	-1	1972
-1	-1	1734
-1	-1	2015
-1	-1	2275
-1	-1	182
4689	4689	-1
-1	-1	83
-1	-1	821
-1	-1	822
4690	4690	-1
4691	4691	-1
4692	4692	-1
4693	4693	-1
4694	4694	-1
4695	4695	-1
4696	4696	-1
4697	4697	-1
4698	4698	-1
4699	4699	-1
-1	-1	1662
-1	-1	1806
4700	4700	-1
4701	4701	-1
-1	-1	2483
-1	-1	1093
4702	4702	-1
-1	-1	1264
4703	4703	-1
-1	-1	1095
4704	4704	-1
-1	-1	2036
-1	-1	1218
-1	-1	1255
4705	4705	-1
-1	-1	2222
-1	-1	2064
4706	4706	-1
4707	4707	-1
4708	4708	-1
4709	4709	-1
-1	-1	2009
4710	4710	-1
-1	-1	1337
4711	4711	-1
4712	4713	-1
4714	4714	-1
4715	4715	-1
-1	-1	1646
4716	4716	-1
-1	-1	1207
-1	-1	834
-1	-1	1239
4717	4717	-1
-1	-1	2497
-1	-1	2400
4718	4718	-1
-1	-1	1988
-1	-1	1279
-1	-1	1990
4719	4719	-1
4720	4720	-1
4721	4721	-1
-1	-1	1627
4722	4722	89
4723	4723	-1
-1	-1	1825
4724	4724	-1
-1	-1	1991
4725	4725	-1
-1	-1	849
-1	-1	851
-1	-1	852
-1	-1	853
4726	4726	-1
-1	-1	857
4727	4727	-1
4728	4728	-1
-1	-1	2446
-1	-1	1811
4729	4729	-1
4730	4730	36
4731	4731	-1
4732	4732	-1
-1	-1	1438
-1	-1	2351
4733	4733	-1
-1	-1	2369
-1	-1	244
-1	-1	245
-1	-1	1582
4734	4734	-1
4735	4735	-1
4736	4736	-1
-1	-1	1384
-1	-1	2244
4737	4737	-1
4738	4738	-1
-1	-1	2057
-1	-1	1690
-1	-1	1795
-1	-1	1803
4739	4739	-1
4740	4740	-1
-1	-1	866
4741	4741	-1
4742	4742	247
-1	-1	188
4743	4743	-1
4744	4744	-1
4745	4745	-1
-1	-1	2089
4746	4746	-1
4747	4747	-1
4748	4748	-1
4749	4749	-1
-1	-1	1133
-1	-1	1573
-1	-1	1208
-1	-1	248
4750	4750	-1
-1	-1	1199
4751	4751	-1
4752	4752	-1
4753	4753	-1
-1	-1	2229
4754	4754	1574
-1	-1	2230
4755	4755	-1
4756	4756	-1
4757	4757	-1
4758	4758	-1
4759	4759	-1
-1	-1	873
-1	-1	1543
4760	4760	-1
4761	4761	-1
4762	4762	-1
4763	4763	-1
4764	4765	-1
-1	-1	2101
4766	4766	-1
-1	-1	1441
-1	-1	1737
-1	-1	2325
-1	-1	2484
-1	-1	1973
-1	-1	1863
4767	4767	-1
-1	-1	1308
-1	-1	1575
4768	4769	-1
-1	-1	1684
4770	4770	-1
4771	4771	-1
-1	-1	2010
4772	4772	-1
-1	-1	2294
4773	4773	-1
4774	4774	-1
4775	4775	-1
4776	4776	-1
-1	-1	1941
-1	-1	878
-1	-1	2279
-1	-1	2148
4777	4777	-1
-1	-1	250
4778	4778	-1
-1	-1	1267
-1	-1	2129
4779	4779	-1
-1	-1	2448
4780	4780	-1
-1	-1	1912
-1	-1	1746
4781	4781	-1
4782	4782	-1
4783	4783	-1
4784	4784	-1
-1	-1	1942
4785	4785	-1
4786	4786	-1
-1	-1	2209
4787	4787	-1
-1	-1	1992
-1	-1	1993
-1	-1	2058
4788	4788	-1
-1	-1	2193
-1	-1	2280
-1	-1	1994
4789	4789	-1
-1	-1	1797
-1	-1	112
4790	4790	-1
-1	-1	2091
-1	-1	2092
4791	4791	-1
4792	4792	-1
-1	-1	2281
4793	4793	-1
-1	-1	2183
-1	-1	1152
4794	4794	-1
4795	4795	-1
4796	4796	-1
4797	4797	-1
4798	4798	-1
-1	-1	1201
-1	-1	2510
4799	4799	-1
4800	4800	-1
-1	-1	2113
-1	-1	2283
-1	-1	1715
-1	-1	253
-1	-1	40
-1	-1	2423
-1	-1	1190
4801	4801	-1
-1	-1	2164
4802	4802	-1
4803	4803	-1
4804	4804	-1
-1	-1	146
4805	4805	-1
4806	4806	-1
4807	4807	-1
-1	-1	193
-1	-1	908
-1	-1	1498
4808	4808	-1
-1	-1	2231
4809	4809	-1
4810	4810	-1
-1	-1	2093
4811	4811	-1
4812	4812	-1
4813	4813	-1
-1	-1	1856
-1	-1	1522
4814	4814	-1
-1	-1	1607
-1	-1	1943
4815	4815	-1
-1	-1	1106
4816	4816	-1
4817	4817	-1
4818	4818	-1
4819	4819	-1
4820	4820	194
4821	4821	-1
4822	4822	-1
-1	-1	2211
4823	4823	-1
-1	-1	1174
-1	-1	2284
-1	-1	1123
4824	4824	-1
4825	4825	-1
4826	4826	-1
4827	4827	-1
-1	-1	930
4828	4828	-1
4829	4829	-1
4830	4830	-1
-1	-1	1592
4831	4831	-1
4832	4832	-1
4833	4833	-1
4834	4834	-1
4835	4835	-1
4836	4836	-1
4837	4837	-1
-1	-1	1770
4838	4838	-1
4839	4839	-1
4840	4840	-1
-1	-1	1339
-1	-1	2416
-1	-1	1953
-1	-1	2121
4841	4841	-1
-1	-1	2417
-1	-1	2514
-1	-1	1170
4842	4842	-1
4843	4843	-1
-1	-1	2493
4844	4844	-1
4845	4845	-1
-1	-1	256
-1	-1	1203
4846	4846	-1
-1	-1	1115
4847	4847	-1
4848	4848	-1
-1	-1	2408
4849	4849	-1
-1	-1	1896
4850	4850	-1
-1	-1	1495
-1	-1	1828
4851	4851	-1
-1	-1	1656
4852	4852	1776
-1	-1	2212
-1	-1	952
4853	4853	-1
4854	4854	-1
4855	4855	-1
-1	-1	2511
4856	4856	-1
-1	-1	2122
-1	-1	1671
-1	-1	1784
-1	-1	2424
-1	-1	2039
-1	-1	975
4857	4857	-1
4858	4858	-1
-1	-1	1282
-1	-1	2343
-1	-1	1742
4859	4859	-1
-1	-1	1216
4860	4860	-1
4861	4861	-1
-1	-1	1448
-1	-1	1257
4862	4862	-1
4863	4863	-1
-1	-1	1269
4864	4864	-1
4865	4865	-1
4866	4866	-1
4867	4867	-1
-1	-1	1848
-1	-1	2326
-1	-1	1007
4868	4868	-1
4869	4869	-1
4870	4870	-1
-1	-1	2287
4871	4871	-1
-1	-1	1633
-1	-1	1391
-1	-1	1288
4872	4872	-1
4873	4873	-1
4874	4874	1012
4875	4875	-1
4876	4876	-1
4877	4877	-1
4878	4878	-1
4879	4879	-1
4880	4880	-1
4881	4881	-1
4882	4882	-1
4883	4883	-1
4884	4884	-1
-1	-1	1399
-1	-1	1013
-1	-1	1375
-1	-1	2011
4885	4885	-1
4886	4886	-1
-1	-1	2159
-1	-1	1014
-1	-1	1341
-1	-1	1015
4887	4887	-1
4888	4888	-1
4889	4889	-1
-1	-1	1630
-1	-1	1894
-1	-1	1154
4890	4890	-1
4891	4891	-1
4892	4892	-1
4893	4893	-1
-1	-1	45
4894	4894	-1
4895	4895	-1
4896	4896	-1
4897	4898	-1
4899	4899	1763
-1	-1	1018
4900	4902	-1
4903	4903	-1
4904	4904	-1
4905	4905	-1
4906	4907	-1
4908	4908	-1
-1	-1	2354
-1	-1	1349
4909	4909	-1
4910	4910	-1
4911	4911	-1
-1	-1	2494
4912	4913	-1
-1	-1	1177
4914	4914	-1
4915	4915	-1
4916	4916	-1
4917	4917	-1
4918	4918	-1
-1	-1	1593
4919	4919	-1
4920	4920	-1
4921	4921	-1
4922	4922	-1
-1	-1	1594
4923	4923	-1
4924	4924	-1
4925	4925	-1
4926	4926	-1
4927	4927	-1
4928	4928	-1
4929	4929	-1
4930	4930	-1
4931	4932	1019
-1	-1	1022
-1	-1	2196
4933	4933	-1
4934	4934	-1
4935	4935	-1
-1	-1	1487
4936	4936	-1
4937	4937	-1
-1	-1	1471
4938	4938	-1
4939	4939	-1
4940	4940	-1
-1	-1	113
-1	-1	1342
-1	-1	1636
4941	4941	-1
-1	-1	2061
4942	4942	-1
4943	4943	-1
-1	-1	2124
-1	-1	2433
-1	-1	2062
4944	4944	-1
-1	-1	1352
-1	-1	1637
-1	-1	1299
-1	-1	1638
4945	4946	-1
-1	-1	1620
4947	4947	-1
4948	4948	-1
-1	-1	2104
4949	4949	-1
-1	-1	1478
-1	-1	1479
4950	4950	-1
-1	-1	2333
-1	-1	1480
4951	4951	-1
-1	-1	1946
-1	-1	1639
4952	4952	-1
-1	-1	48
-1	-1	1915
4953	4953	-1
-1	-1	2334
-1	-1	1369
4954	4954	-1
4955	4955	-1
-1	-1	2379
4956	4956	-1
-1	-1	1481
-1	-1	2223
-1	-1	1558
-1	-1	1353
4957	4957	-1
4958	4958	-1
-1	-1	1354
-1	-1	1136
4959	4959	-1
4960	4960	114
-1	-1	1461
-1	-1	1029
-1	-1	1355
-1	-1	1426
4961	4961	-1
4962	4962	-1
4963	4963	-1
4964	4964	-1
-1	-1	1040
4965	4965	-1
4966	4966	-1
4967	4967	-1
4968	4968	-1
4969	4969	-1
-1	-1	2485
-1	-1	1576
-1	-1	196
4970	4970	-1
-1	-1	1515
-1	-1	1258
-1	-1	2315
4971	4971	-1
4972	4972	-1
4973	4973	-1
-1	-1	2074
-1	-1	1191
4974	4974	-1
-1	-1	2328
4975	4975	-1
-1	-1	1641
4976	4976	-1
-1	-1	2366
4977	4977	-1
-1	-1	2386
4978	4978	-1
4979	4979	-1
4980	4980	-1
-1	-1	260
4981	4981	-1
4982	4982	-1
4983	4983	-1
4984	4984	-1
-1	-1	2314
-1	-1	2495
4985	4985	-1
4986	4986	-1
-1	-1	2234
4987	4987	-1
4988	4988	-1
4989	4989	197
4990	4990	-1
4991	4991	-1
4992	4992	-1
-1	-1	1585
-1	-1	1807
-1	-1	1051
-1	-1	1427
-1	-1	1052
-1	-1	1057
4993	4993	-1
-1	-1	2175
-1	-1	2298
-1	-1	2144
-1	-1	2213
-1	-1	1406
-1	-1	1658
4994	4994	-1
-1	-1	52
4995	4995	-1
-1	-1	1076
-1	-1	1077
-1	-1	1079
-1	-1	2236
4996	4996	-1
-1	-1	1356
4997	4997	-1
4998	4998	-1
4999	4999	-1
5000	5000	-1
5001	5001	-1
5002	5002	-1
5003	5003	-1
-1	-1	1718
5004	5004	-1
5005	5005	-1
-1	-1	2305
-1	-1	1897
5006	5006	-1
-1	-1	1126
5007	5007	-1
-1	-1	313
-1	-1	2345
-1	-1	314
5008	5008	-1
-1	-1	2215
5009	5009	-1
-1	-1	2440
-1	-1	2289
-1	-1	318
5010	5010	-1
-1	-1	330
-1	-1	334
-1	-1	1772
-1	-1	1310
5011	5011	-1
5012	5012	-1
-1	-1	6
5013	5013	-1
5014	5014	-1
-1	-1	1431
5015	5015	-1
-1	-1	2161
-1	-1	1621
-1	-1	1432
5016	5016	-1
-1	-1	1172
5017	5017	-1
-1	-1	2001
5018	5018	-1
-1	-1	1204
5019	5019	-1
-1	-1	1722
-1	-1	1357
-1	-1	1918
-1	-1	2077
-1	-1	1117
5020	5020	-1
-1	-1	153
-1	-1	1329
-1	-1	1535
-1	-1	1284
-1	-1	362
-1	-1	1965
-1	-1	154
-1	-1	2145
5021	5021	-1
5022	5022	-1
-1	-1	1724
-1	-1	1290
-1	-1	1376
5023	5023	-1
-1	-1	1643
-1	-1	2045
5024	5024	-1
-1	-1	1503
5025	5025	-1
5026	5026	-1
5027	5027	-1
5028	5028	-1
5029	5029	-1
-1	-1	1291
-1	-1	2371
-1	-1	2465
-1	-1	212
-1	-1	1504
-1	-1	2150
-1	-1	1330
5030	5030	-1
-1	-1	1597
-1	-1	1549
5031	5031	-1
5032	5032	-1
5033	5033	-1
5034	5034	-1
-1	-1	1885
-1	-1	1786
-1	-1	1331
5035	5035	-1
-1	-1	1612
-1	-1	2266
-1	-1	2267
5036	5037	-1
-1	-1	1982
-1	-1	2268
5038	5038	-1
5039	5039	-1
5040	5040	-1
5041	5041	-1
5042	5042	-1
-1	-1	2258
-1	-1	1954
-1	-1	1088
-1	-1	1089
-1	-1	1726
-1	-1	217
5043	5043	-1
5044	5044	-1
-1	-1	1445
5045	5045	-1
5046	5046	-1
-1	-1	1925
-1	-1	1967
5047	5047	-1
-1	-1	1387
5048	5048	-1
-1	-1	1788
-1	-1	1440
-1	-1	2166
-1	-1	1370
5049	5049	-1
5050	5050	-1
5051	5051	-1
5052	5052	-1
5053	5053	-1
5054	5054	55
-1	-1	2066
5055	5055	-1
-1	-1	101
5056	5056	-1
-1	-1	1909
-1	-1	1388
-1	-1	432
5057	5057	-1
5058	5058	-1
-1	-1	2167
-1	-1	449
-1	-1	450
-1	-1	2426
5059	5059	-1
-1	-1	1321
5060	5060	-1
-1	-1	2153
-1	-1	1109
-1	-1	2346
-1	-1	1589
5061	5061	-1
5062	5062	-1
-1	-1	102
5063	5063	-1
-1	-1	1098
-1	-1	1727
5064	5064	-1
-1	-1	2080
5065	5065	-1
-1	-1	469
5066	5066	-1
5067	5067	-1
-1	-1	58
5068	5068	1379
5069	5069	-1
-1	-1	1529
5070	5070	-1
5071	5071	-1
5072	5072	-1
-1	-1	1184
-1	-1	1194
5073	5073	-1
5074	5074	1446
-1	-1	1816
-1	-1	2499
5075	5075	-1
5076	5076	-1
-1	-1	1185
5077	5077	-1
-1	-1	1186
5078	5078	-1
5079	5079	-1
5080	5080	159
-1	-1	225
5081	5081	-1
-1	-1	2290
5082	5082	-1
-1	-1	2250
5083	5083	-1
5084	5084	-1
5085	5085	-1
-1	-1	1129
5086	5086	-1
-1	-1	2411
5087	5087	-1
-1	-1	1434
-1	-1	1273
-1	-1	2442
-1	-1	1100
5088	5088	-1
-1	-1	1755
-1	-1	1950
5089	5089	-1
-1	-1	2380
-1	-1	2381
-1	-1	1651
-1	-1	1769
-1	-1	120
5090	5090	-1
-1	-1	1371
5091	5091	-1
5092	5092	-1
-1	-1	2501
-1	-1	1411
-1	-1	228
-1	-1	1888
-1	-1	160
-1	-1	229
-1	-1	19
-1	-1	2356
5093	5093	-1
5094	5094	-1
5095	5095	-1
-1	-1	1517
-1	-1	1849
-1	-1	2199
5096	5096	-1
-1	-1	2031
-1	-1	64
5097	5098	65
-1	-1	475
5099	5099	-1
-1	-1	1372
5100	5100	-1
5101	5101	-1
-1	-1	2098
-1	-1	1102
5102	5102	-1
-1	-1	2188
5103	5103	-1
-1	-1	1676
-1	-1	1644
5104	5104	-1
-1	-1	1850
-1	-1	1209
-1	-1	2458
-1	-1	1798
-1	-1	2291
-1	-1	1241
-1	-1	104
5105	5105	-1
-1	-1	21
5106	5106	-1
-1	-1	2502
5107	5107	-1
5108	5108	-1
-1	-1	1436
5109	5109	-1
5110	5110	-1
5111	5111	-1
-1	-1	1569
5112	5112	-1
-1	-1	1758
5113	5113	-1
5114	5114	-1
-1	-1	2506
-1	-1	2226
-1	-1	1879
-1	-1	2382
5115	5115	-1
-1	-1	1578
5116	5116	-1
5117	5117	-1
-1	-1	2427
-1	-1	1428
-1	-1	1447
-1	-1	1275
-1	-1	70
-1	-1	233
-1	-1	1506
-1	-1	1895
-1	-1	2189
5118	5118	-1
-1	-1	2475
-1	-1	1397
5119	5119	23
5120	5120	-1
5121	5121	-1
-1	-1	1090
-1	-1	25
5122	5122	-1
-1	-1	2357
-1	-1	2358
-1	-1	1389
-1	-1	1419
-1	-1	2154
-1	-1	1653
-1	-1	2308
5123	5123	-1
-1	-1	1235
5124	5124	-1
5125	5125	-1
-1	-1	72
5126	5126	-1
-1	-1	557
-1	-1	1600
5127	5127	-1
5128	5128	-1
-1	-1	1531
-1	-1	1382
-1	-1	1951
-1	-1	1654
-1	-1	1442
-1	-1	1251
-1	-1	1702
-1	-1	2322
-1	-1	1661
-1	-1	1474
-1	-1	1553
-1	-1	1560
5129	5129	-1
5130	5130	-1
5131	5131	-1
-1	-1	2443
-1	-1	2469
-1	-1	2106
5132	5132	-1
-1	-1	1791
5133	5133	-1
5134	5134	-1
5135	5135	-1
5136	5136	-1
-1	-1	2339
5137	5137	-1
5138	5138	-1
-1	-1	1997
5139	5139	-1
5140	5140	-1
-1	-1	1673
5141	5141	-1
-1	-1	1130
-1	-1	1303
-1	-1	1631
-1	-1	2022
-1	-1	1729
5142	5142	-1
-1	-1	1880
5143	5143	-1
5144	5144	-1
-1	-1	1580
-1	-1	1437
-1	-1	1413
5145	5145	-1
5146	5146	-1
5147	5147	124
-1	-1	2242
5148	5148	-1
-1	-1	2083
5149	5149	-1
5150	5150	-1
-1	-1	2192
5151	5151	-1
5152	5153	-1
5154	5154	-1
5155	5155	-1
5156	5156	-1
5157	5157	-1
5158	5158	-1
-1	-1	1373
-1	-1	1304
-1	-1	1421
-1	-1	2349
5159	5159	-1
5160	5160	-1
-1	-1	1146
-1	-1	1414
5161	5161	-1
5162	5162	-1
-1	-1	1475
-1	-1	1374
-1	-1	1853
-1	-1	1609
5163	5163	-1
5164	5164	-1
5165	5165	-1
5166	5166	-1
-1	-1	1561
5167	5167	-1
5168	5168	-1
-1	-1	1532
-1	-1	167
-1	-1	1809
-1	-1	1889
-1	-1	2157
-1	-1	170
-1	-1	1122
5169	5169	-1
-1	-1	129
-1	-1	2051
-1	-1	1704
-1	-1	1760
-1	-1	238
5170	5170	-1
-1	-1	1212
-1	-1	2139
-1	-1	172
5171	5171	-1
5172	5172	-1
-1	-1	2459
5173	5173	-1
-1	-1	2460
-1	-1	28
5174	5174	-1
-1	-1	1817
5175	5175	-1
-1	-1	1705
5176	5176	-1
-1	-1	2025
-1	-1	1655
-1	-1	1617
-1	-1	1519
-1	-1	1513
-1	-1	1533
-1	-1	1444
5177	5177	1936
5178	5178	-1
5179	5179	-1
-1	-1	2272
5180	5180	-1
-1	-1	2219
-1	-1	1810
5181	5181	-1
5182	5182	-1
5183	5183	-1
-1	-1	1969
-1	-1	2274
-1	-1	2361
-1	-1	76
-1	-1	1224
5184	5184	-1
-1	-1	33
-1	-1	1458
-1	-1	1775
-1	-1	1878
-1	-1	1794
-1	-1	1294
-1	-1	1386
5185	5185	-1
5186	5186	-1
-1	-1	1335
5187	5187	-1
-1	-1	1970
-1	-1	1619
-1	-1	2362
5188	5188	-1
-1	-1	240
-1	-1	1824
5189	5189	-1
-1	-1	1287
-1	-1	2035
-1	-1	2220
5190	5190	-1
-1	-1	2085
-1	-1	1711
5191	5191	-1
5192	5192	-1
5193	5193	-1
-1	-1	178
5194	5194	-1
-1	-1	1534
-1	-1	2368
5195	5196	-1
-1	-1	1113
5197	5197	-1
5198	5198	2516
-1	-1	180
-1	-1	1802
5199	5199	-1
-1	-1	1681
-1	-1	1206
-1	-1	1105
-1	-1	2445
-1	-1	241
-1	-1	81
-1	-1	1494
-1	-1	1626
-1	-1	1783
-1	-1	2172
5200	5200	-1
-1	-1	2146
-1	-1	135
-1	-1	183
5201	5201	-1
5202	5202	-1
-1	-1	1162
5203	5203	-1
5204	5204	-1
-1	-1	1761
-1	-1	1762
-1	-1	2008
5205	5205	-1
-1	-1	2228
5206	5206	-1
-1	-1	109
-1	-1	1336
5207	5207	-1
5208	5208	-1
-1	-1	2221
-1	-1	2088
-1	-1	1365
5209	5209	-1
5210	5211	-1
5212	5212	-1
-1	-1	2363
5213	5213	-1
5214	5214	-1
-1	-1	1670
-1	-1	139
5215	5215	-1
-1	-1	1904
-1	-1	1957
5216	5216	-1
5217	5217	-1
-1	-1	186
5218	5218	-1
-1	-1	1265
5219	5219	-1
-1	-1	187
-1	-1	1892
-1	-1	1845
5220	5220	-1
5221	5221	-1
-1	-1	2111
-1	-1	2364
-1	-1	2120
-1	-1	2056
-1	-1	1140
-1	-1	1883
-1	-1	246
5222	5222	-1
-1	-1	1231
5223	5223	-1
5224	5224	-1
-1	-1	2507
-1	-1	2141
5225	5225	-1
-1	-1	1876
5226	5226	-1
5227	5227	-1
5228	5228	-1
-1	-1	1266
5229	5229	-1
-1	-1	1467
5230	5230	-1
-1	-1	2254
-1	-1	1610
-1	-1	249
-1	-1	2278
5231	5231	-1
5232	5232	-1
5233	5233	-1
-1	-1	1906
5234	5234	-1
5235	5236	1280
-1	-1	2147
5237	5237	-1
5238	5238	-1
5239	5239	-1
5240	5240	-1
-1	-1	2245
-1	-1	1826
-1	-1	1827
-1	-1	2246
-1	-1	2447
-1	-1	189
5241	5241	-1
5242	5242	-1
5243	5243	-1
-1	-1	1319
-1	-1	1163
-1	-1	2128
-1	-1	2394
5244	5244	-1
-1	-1	2490
5245	5245	-1
5246	5246	-1
5247	5247	-1
-1	-1	2492
-1	-1	1695
5248	5248	-1
-1	-1	1877
-1	-1	1200
5249	5249	-1
5250	5250	-1
-1	-1	1245
5251	5251	-1
5252	5252	-1
5253	5253	-1
-1	-1	2110
5254	5254	-1
-1	-1	1976
-1	-1	252
5255	5255	-1
-1	-1	1546
-1	-1	95
-1	-1	1547
-1	-1	1977
-1	-1	2194
-1	-1	1215
-1	-1	1685
5256	5256	-1
5257	5257	-1
-1	-1	1281
5258	5258	-1
-1	-1	2048
5259	5259	-1
-1	-1	1270
5260	5260	-1
-1	-1	920
-1	-1	1871
5261	5261	-1
-1	-1	254
-1	-1	2052
-1	-1	1740
-1	-1	1135
-1	-1	1390
5262	5262	-1
5263	5263	-1
5264	5264	-1
-1	-1	2508
-1	-1	2285
5265	5265	-1
5266	5266	-1
-1	-1	1425
5267	5267	-1
-1	-1	2059
5268	5268	-1
-1	-1	1164
5269	5269	-1
-1	-1	1338
5270	5270	-1
-1	-1	1747
-1	-1	1271
-1	-1	1096
-1	-1	1124
5271	5271	-1
5272	5272	-1
5273	5273	-1
5274	5274	-1
-1	-1	1468
-1	-1	2247
5275	5275	-1
5276	5276	-1
5277	5277	-1
5278	5278	-1
5279	5279	-1
-1	-1	2102
-1	-1	2131
-1	-1	1741
-1	-1	976
-1	-1	2094
5280	5280	-1
5281	5281	-1
5282	5282	-1
5283	5283	-1
-1	-1	1125
-1	-1	1566
-1	-1	993
-1	-1	994
5284	5284	-1
5285	5285	-1
-1	-1	1829
5286	5286	-1
5287	5287	-1
5288	5288	-1
5289	5289	-1
-1	-1	1476
-1	-1	1893
-1	-1	1227
-1	-1	2174
5290	5290	-1
-1	-1	1217
-1	-1	1596
-1	-1	1175
-1	-1	1777
5291	5291	-1
5292	5292	-1
-1	-1	2123
5293	5293	1557
-1	-1	1959
-1	-1	1348
-1	-1	1298
-1	-1	44
-1	-1	1813
5294	5294	-1
-1	-1	1749
5295	5295	-1
5296	5296	-1
5297	5297	-1
5298	5298	-1
-1	-1	2418
5299	5299	-1
-1	-1	1914
5300	5300	-1
5301	5301	-1
-1	-1	1155
5302	5302	-1
5303	5303	-1
5304	5304	-1
5305	5305	-1
-1	-1	2260
-1	-1	1156
5306	5306	-1
5307	5307	-1
5308	5308	-1
5309	5309	-1
-1	-1	1178
-1	-1	2232
-1	-1	2432
5310	5310	-1
-1	-1	1179
5311	5311	-1
5312	5312	-1
-1	-1	1960
5313	5313	-1
-1	-1	2419
-1	-1	2028
-1	-1	2255
5314	5314	-1
5315	5315	-1
-1	-1	1486
-1	-1	1667
-1	-1	1635
-1	-1	1020
-1	-1	1021
5316	5316	-1
-1	-1	1394
5317	5317	-1
-1	-1	1289
-1	-1	1395
5318	5318	-1
5319	5319	-1
-1	-1	1368
5320	5320	-1
-1	-1	1657
-1	-1	1750
-1	-1	2370
-1	-1	2256
5321	5321	-1
5322	5322	-1
5323	5323	-1
5324	5324	-1
-1	-1	1696
-1	-1	1647
-1	-1	1488
-1	-1	2132
-1	-1	1697
-1	-1	1143
5325	5325	-1
-1	-1	2133
5326	5326	-1
-1	-1	1963
5327	5327	-1
5328	5328	-1
5329	5329	-1
-1	-1	1751
-1	-1	1035
-1	-1	1116
-1	-1	1048
-1	-1	1049
-1	-1	2134
-1	-1	1180
5330	5330	-1
-1	-1	2165
-1	-1	50
5331	5331	-1
5332	5332	-1
5333	5333	-1
5334	5334	-1
5335	5335	-1
-1	-1	2257
-1	-1	1780
5336	5336	-1
5337	5338	-1
-1	-1	2439
5339	5339	-1
-1	-1	1449
-1	-1	1785
-1	-1	51
-1	-1	2367
5340	5340	-1
-1	-1	2498
-1	-1	1752
-1	-1	2235
5341	5341	-1
-1	-1	1283
-1	-1	2029
5342	5342	-1
-1	-1	1080
5343	5343	-1
5344	5344	-1
-1	-1	1165
5345	5345	-1
5346	5346	-1
-1	-1	1717
5347	5347	-1
5348	5348	-1
5349	5349	-1
5350	5350	-1
5351	5351	-1
5352	5352	-1
-1	-1	315
-1	-1	1452
5353	5353	-1
-1	-1	2114
5354	5354	-1
-1	-1	1311
-1	-1	1192
-1	-1	1433
5355	5355	-1
5356	5356	-1
-1	-1	2335
-1	-1	1764
5357	5357	-1
-1	-1	1107
-1	-1	116
-1	-1	206
-1	-1	156
-1	-1	207
-1	-1	208
-1	-1	209
-1	-1	210
-1	-1	1725
5358	5358	-1
5359	5359	2355
-1	-1	1898
-1	-1	1884
-1	-1	1611
5360	5360	-1
5361	5361	-1
5362	5362	-1
5363	5363	-1
5364	5364	-1
5365	5365	-1
-1	-1	2248
-1	-1	1181
-1	-1	1137
-1	-1	2126
-1	-1	2441
-1	-1	1359
-1	-1	2336
-1	-1	1765
-1	-1	1773
-1	-1	1873
-1	-1	1804
-1	-1	12
-1	-1	1358
-1	-1	2067
-1	-1	219
5366	5366	-1
-1	-1	1408
-1	-1	1272
-1	-1	1536
-1	-1	15
-1	-1	2463
-1	-1	57
-1	-1	1537
-1	-1	1322
-1	-1	16
5367	5367	-1
-1	-1	1182
5368	5368	-1
5369	5369	-1
5370	5370	-1
5371	5371	-1
-1	-1	1674
5372	5372	-1
5373	5373	-1
-1	-1	1927
-1	-1	2329
-1	-1	2049
5374	5374	-1
-1	-1	1450
5375	5375	-1
-1	-1	227
-1	-1	2410
-1	-1	1550
-1	-1	2251
-1	-1	1650
5376	5376	-1
-1	-1	1138
-1	-1	1900
-1	-1	18
-1	-1	2020
-1	-1	2500
-1	-1	1512
-1	-1	1675
-1	-1	161
-1	-1	2200
5377	5377	-1
-1	-1	1527
-1	-1	1613
5378	5378	-1
-1	-1	2169
-1	-1	1551
5379	5379	-1
-1	-1	2046
-1	-1	2302
-1	-1	2047
5380	5380	-1
5381	5381	-1
-1	-1	2503
5382	5382	-1
5383	5383	-1
-1	-1	1614
5384	5384	-1
5385	5385	-1
-1	-1	2127
-1	-1	1302
5386	5386	-1
-1	-1	1652
-1	-1	24
5387	5387	-1
-1	-1	1473
-1	-1	1552
-1	-1	1759
-1	-1	1852
-1	-1	1975
5388	5388	-1
5389	5389	-1
5390	5390	-1
5391	5391	-1
-1	-1	2347
-1	-1	1222
-1	-1	2191
-1	-1	235
-1	-1	1483
5392	5392	-1
-1	-1	1539
5393	5393	-1
-1	-1	1242
5394	5394	-1
-1	-1	1998
-1	-1	1999
5395	5395	-1
5396	5396	-1
-1	-1	1584
-1	-1	2004
-1	-1	2259
5397	5397	-1
-1	-1	1490
5398	5398	-1
-1	-1	1645
5399	5399	-1
5400	5400	-1
5401	5401	-1
-1	-1	1196
-1	-1	1323
-1	-1	1968
-1	-1	2023
-1	-1	2099
5402	5402	-1
5403	5403	-1
-1	-1	126
5404	5404	-1
5405	5405	-1
-1	-1	2006
5406	5406	-1
-1	-1	2201
-1	-1	1625
-1	-1	1692
5407	5407	-1
-1	-1	2072
-1	-1	173
-1	-1	1934
5408	5408	-1
5409	5409	-1
5410	5410	-1
5411	5411	-1
5412	5412	-1
-1	-1	1496
5413	5413	-1
-1	-1	2350
-1	-1	1706
5414	5414	-1
-1	-1	1112
5415	5415	-1
-1	-1	1316
5416	5416	-1
5417	5417	-1
-1	-1	239
-1	-1	1902
-1	-1	34
5418	5418	-1
-1	-1	108
5419	5419	-1
-1	-1	1509
5420	5420	-1
5421	5421	-1
5422	5422	-1
-1	-1	1497
5423	5423	-1
5424	5424	-1
5425	5425	-1
5426	5426	-1
5427	5427	-1
-1	-1	1238
5428	5428	-1
-1	-1	1555
5429	5429	-1
-1	-1	2393
-1	-1	2055
5430	5430	-1
5431	5431	-1
-1	-1	1520
5432	5432	-1
5433	5433	-1
-1	-1	1854
5434	5434	-1
5435	5435	-1
5436	5436	-1
5437	5437	-1
-1	-1	110
5438	5438	-1
-1	-1	141
5439	5439	-1
-1	-1	2385
5440	5440	-1
5441	5441	-1
-1	-1	1682
-1	-1	1683
-1	-1	1694
5442	5442	1317
5443	5443	-1
-1	-1	143
5444	5444	-1
-1	-1	2313
5445	5445	-1
-1	-1	2027
5446	5446	-1
-1	-1	1385
-1	-1	1521
-1	-1	2109
5447	5447	-1
5448	5448	-1
-1	-1	145
-1	-1	1870
-1	-1	1151
5449	5449	-1
-1	-1	1544
5450	5450	-1
-1	-1	1347
5451	5451	-1
-1	-1	1545
5452	5452	-1
5453	5453	-1
-1	-1	1632
-1	-1	2143
-1	-1	2195
-1	-1	1141
-1	-1	1739
5454	5454	-1
5455	5455	-1
5456	5456	-1
5457	5457	-1
5458	5458	-1
-1	-1	1416
-1	-1	2130
5459	5459	-1
-1	-1	1499
-1	-1	2286
-1	-1	2038
-1	-1	1142
-1	-1	1628
-1	-1	2407
-1	-1	1564
-1	-1	257
-1	-1	2173
5460	5460	-1
5461	5461	-1
5462	5462	-1
-1	-1	1439
-1	-1	1663
-1	-1	2060
5463	5463	-1
-1	-1	2095
5464	5464	-1
-1	-1	1556
5465	5465	-1
-1	-1	1629
5466	5466	-1
-1	-1	1510
5467	5467	-1
5468	5468	-1
5469	5469	-1
-1	-1	1400
-1	-1	2296
5470	5470	-1
5471	5471	-1
-1	-1	1393
-1	-1	258
-1	-1	1664
-1	-1	195
-1	-1	1477
-1	-1	2353
-1	-1	1523
-1	-1	1402
-1	-1	1665
5472	5472	-1
-1	-1	1778
5473	5473	-1
-1	-1	1176
-1	-1	1469
5474	5474	-1
-1	-1	1470
5475	5475	-1
5476	5476	-1
5477	5477	-1
-1	-1	1403
-1	-1	1668
5478	5478	-1
5479	5479	-1
-1	-1	1687
-1	-1	1396
-1	-1	1404
5480	5480	-1
-1	-1	2261
5481	5481	-1
-1	-1	1857
5482	5482	-1
-1	-1	1228
-1	-1	1229
5483	5483	-1
-1	-1	1144
5484	5484	-1
-1	-1	1405
5485	5485	2344
5486	5486	-1
-1	-1	2233
5487	5487	-1
5488	5488	-1
5489	5489	-1
-1	-1	148
-1	-1	261
-1	-1	198
-1	-1	1908
-1	-1	1978
5490	5490	-1
5491	5491	-1
5492	5492	-1
-1	-1	1719
-1	-1	1720
5493	5493	-1
5494	5494	-1
-1	-1	4
-1	-1	1472
5495	5495	-1
5496	5496	-1
-1	-1	1595
-1	-1	1819
-1	-1	1261
5497	5497	-1
5498	5498	-1
5499	5499	-1
5500	5500	-1
5501	5501	-1
-1	-1	1669
5502	5502	-1
-1	-1	14
-1	-1	2002
5503	5503	-1
5504	5504	-1
5505	5505	-1
5506	5506	-1
5507	5507	-1
5508	5508	-1
5509	5509	-1
5510	5510	-1
-1	-1	2486
5511	5511	-1
5512	5512	-1
-1	-1	2069
5513	5513	-1
-1	-1	68
-1	-1	2504
5514	5514	-1
-1	-1	1851
5515	5515	-1
-1	-1	121
-1	-1	1221
5516	5516	-1
-1	-1	2309
-1	-1	1412
5517	5517	-1
5518	5518	-1
5519	5519	-1
-1	-1	1800
5520	5520	-1
-1	-1	2003
5521	5521	-1
5522	5522	-1
-1	-1	1860
5523	5523	-1
5524	5524	-1
-1	-1	1456
-1	-1	2071
-1	-1	127
5525	5525	-1
-1	-1	1362
5526	5526	-1
-1	-1	2171
-1	-1	1782
5527	5527	130
-1	-1	637
5528	5528	-1
-1	-1	1869
-1	-1	1214
-1	-1	78
5529	5529	-1
-1	-1	1225
5530	5530	-1
5531	5531	-1
5532	5532	-1
5533	5533	-1
-1	-1	1679
5534	5534	-1
-1	-1	1296
5535	5535	-1
-1	-1	2007
5536	5536	-1
-1	-1	1768
-1	-1	1278
5537	5537	-1
5538	5538	-1
5539	5539	-1
5540	5540	-1
-1	-1	242
5541	5541	-1
-1	-1	90
5542	5542	-1
-1	-1	1563
5543	5543	-1
5544	5544	-1
5545	5545	-1
-1	-1	1318
5546	5546	-1
5547	5547	-1
5548	5548	-1
-1	-1	1855
-1	-1	144
5549	5549	-1
5550	5550	-1
-1	-1	1415
5551	5551	-1
-1	-1	94
-1	-1	2282
5552	5552	-1
-1	-1	919
5553	5553	-1
5554	5554	-1
5555	5555	-1
-1	-1	2295
-1	-1	2352
-1	-1	1460
-1	-1	1367
5556	5556	-1
-1	-1	1340
-1	-1	1429
-1	-1	1392
5557	5557	-1
5558	5558	-1
-1	-1	1812
-1	-1	1401
-1	-1	1548
-1	-1	2073
-1	-1	1514
-1	-1	1524
-1	-1	1350
5559	5559	-1
-1	-1	1666
5560	5560	-1
5561	5561	-1
5562	5562	-1
-1	-1	1489
-1	-1	97
5563	5563	-1
-1	-1	1698
5564	5564	-1
-1	-1	2409
5565	5565	-1
5566	5566	-1
-1	-1	2297
5567	5567	-1
5568	5568	-1
5569	5569	-1
5570	5570	-1
5571	5571	-1
5572	5572	-1
5573	5573	-1
5574	5574	-1
5575	5575	-1
-1	-1	118
-1	-1	2065
5576	5576	-1
-1	-1	1648
5577	5577	59
5578	5578	-1
5579	5579	-1
-1	-1	2300
5580	5580	-1
5581	5581	-1
-1	-1	224
-1	-1	1220
-1	-1	66
5582	5582	-1
-1	-1	67
-1	-1	2505
-1	-1	69
-1	-1	122
5583	5583	-1
-1	-1	2444
-1	-1	1195
-1	-1	1223
-1	-1	125
5584	5584	-1
5585	5585	-1
-1	-1	75
-1	-1	1383
-1	-1	1781
5586	5586	-1
-1	-1	1937
5587	5587	-1
-1	-1	1956
-1	-1	134
5588	5588	-1
-1	-1	80
-1	-1	1680
5589	5589	-1
5590	5590	-1
5591	5591	-1
-1	-1	88
5592	5592	-1
5593	5593	-1
-1	-1	243
5594	5594	-1
-1	-1	2044
-1	-1	1198
5595	5595	-1
5596	5596	-1
5597	5597	-1
-1	-1	2000
-1	-1	92
-1	-1	2491
-1	-1	93
5598	5598	-1
-1	-1	2210
-1	-1	1202
5599	5599	-1
-1	-1	1864
5600	5600	-1
5601	5601	-1
5602	5602	-1
-1	-1	1351
-1	-1	1686
-1	-1	1525
-1	-1	2470
5603	5603	-1
5604	5604	-1
-1	-1	99
-1	-1	1716
5605	5605	-1
5606	5606	-1
-1	-1	2
5607	5607	-1
-1	-1	202
-1	-1	350
-1	-1	215
-1	-1	117
5608	5608	-1
5609	5609	-1
-1	-1	222
-1	-1	223
5610	5610	-1
5611	5611	-1
-1	-1	1313
5612	5612	-1
-1	-1	2303
-1	-1	74
5613	5613	-1
5614	5614	-1
-1	-1	79
5615	5615	-1
-1	-1	86
-1	-1	87
5616	5616	-1
5617	5617	-1
-1	-1	140
5618	5618	-1
-1	-1	142
5619	5619	-1
-1	-1	96
-1	-1	147
-1	-1	2103
-1	-1	1748
-1	-1	46
-1	-1	259
-1	-1	98
-1	-1	1171
-1	-1	2075
-1	-1	150
5620	5620	-1
-1	-1	60
5621	5621	-1
-1	-1	62
-1	-1	559
-1	-1	131
-1	-1	2512
5622	5622	84
5623	5623	-1
-1	-1	138
5624	5624	-1
-1	-1	1905
5625	5625	-1
-1	-1	61
5626	5626	-1
-1	-1	137
-1	-1	1114
-1	-1	1219
5627	5627	-1
-1	-1	85