word	midpos	......	midpos
65	103	109	2680	5080
66	105
76	32	900
78	315
72	262	2959	7266
73	268
83	874	1082
82	34	36	9250
102	43	68	93	118	163	219	247	275	303	331	359	387	412	468	524	552	580	608	658	677	860	910	958	981	996	1018	1138	230	1162	1184	862	1260	516	1314	1385	1409	1445	1583	1597	1703	1722	1747	1874	1881	1926	1963	1990	1573	2060	2077	1791	2159	2187	1809	2010	2355	2394	2760	2789	2807	2824	2867	2995	3057	3083	3116	3163	3229	3254	3289	3325	3320	3368	3436	3502	3501	3506	3534	3578	3577	3659	3730	3799	3926	3989	4095	4185	4191	4253	4265	4358	4535	4622	4637	4648	4714	4875	4934	5044	5046	5064	5194	5226	5238	5294	5319	5335	5400	5786	5857	5872	6000	6108	6170	6171	6298	6351	6521	6543	6555	6733	7009	7186	7247	7268	7272	7468	7950	8231	8446	8492	8678	8878	8938	9120	9316	9360	9454	9463	9506	9697	9853	10028	10156	10271	10490	10811	10843	10863	10932	11135	11274	11560	11610	11906	11959	12020	12159	12183	12229	12288	12317	12490	12496	12804	12924	12978	13274	13285	13319	13408	13501	13679	13941	14222	14224	14341
103	44	69	94	119	141	164	192	220	248	276	304	332	360	388	441	469	497	525	553	581	609	678	764	789	861	911	936	959	973	1019	1080	1099	1124	1185	1194	539	812	1250	1261	544	880	641	686	957	1315	669	1386	1410	780	1417	817	1231	1302	1446	878	1153	1063	925	1505	1527	1535	1598	1609	1631	1617	1450	1241	1803	1821	1850	1864	1183	1337	1927	1422	1962	1921	1840	2015	1715	2078	1792	2110	2143	1853	1775	2201	1710	2224	2249	2258	2273	2329	2253	2318	2141	2300	2360	2488	2511	2522	2623	2665	2668	2687	2707	2761	2782	2786	2845	2859	2888	2906	2899	2945	2997	3002	3046	3064	3091	3113	3117	3145	3151	3158	3172	3227	3231	3273	3300	3326	3324	3341	3409	3416	3458	3432	3476	3519	3525	3531	3596	3572	3618	3633	3660	3711	3715	3723	3783	3798	3809	3803	3831	3927	3946	3951	3973	3995	4011	4030	4046	4065	4075	4117	4124	4139	4181	4213	4237	4236	4254	4267	4270	4385	4410	4453	4443	4484	4536	4623	4651	4759	4840	4845	4850	4893	4935	4985	5055	5060	5075	5081	5093	5122	5144	5164	5213	5270	5291	5370	5378	5420	5450	5485	5497	5537	5576	5607	5612	5666	5698	5704	5723	5740	5819	5899	5936	6028	6039	6055	6074	6087	6111	6164	6242	6268	6321	6323	6352	6360	6347	6373	6486	6556	6557	6592	6594	6596	6654	6689	6725	6744	6782	6790	6794	6799	6806	6883	6905	6957	6967	6970	6972	6985	7067	7072	7126	7137	7150	7158	7173	7187	7233	7253	7270	7283	7302	7312	7353	7363	7364	7372	7380	7393	7405	7411	7413	7416	7419	7420	7428	7430	7441	7452	7458	7467	7465	7475	7485	7487	7492	7503	7578	7584	7595	7629	7666	7677	7684	7691	7722	7781	7842	7890	7932	7937	7940	7951	7952	7969	7970	7986	7995	8012	8029	8033	8057	8077	8083	8118	8128	8188	8192	8197	8220	8256	8306	8315	8318	8327	8346	8351	8469	8477	8498	8550	8560	8569	8574	8608	8638	8664	8670	8679	8688	8705	8714	8721	8724	8741	8750	8754	8766	8768	8792	8798	8802	8803	8834	8840	8842	8857	8879	8890	9066	9081	9141	9144	9148	9149	9169	9184	9193	9204	9206	9208	9241	9260	9280	9320	9329	9347	9348	9354	9364	9413	9438	9441	9450	9460	9468	9469	9479	9485	9487	9495	9498	9510	9513	9521	9524	9525	9537	9540	9550	9552	9555	9573	9585	9602	9609	9638	9655	9723	9726	9741	9767	9782	9800	9813	9812	9830	9835	9836	9841	9850	9855	9864	9869	9882	9886	9890	9893	9905	9958	9965	10019	10021	10022	10023	10025	10030	10035	10041	10053	10060	10069	10077	10105	10133	10170	10234	10236	10250	10258	10266	10269	10279	10280	10295	10299	10313	10325	10338	10339	10346	10350	10354	10377	10379	10383	10427	10437	10445	10456	10463	10465	10475	10492	10505	10511	10513	10515	10534	10537	10597	10604	10643	10644	10657	10678	10691	10709	10714	10720	10733	10734	10806	10831	10847	10869	10877	10889	10900	10901	10904	10909	10912	10939	10941	10944	10952	10985	10995	11003	11004	11006	11011	11018	11032	11034	11062	11068	11071	11074	11077	11078	11089	11091	11093	11094	11095	11104	11131	11198	11201	11219	11224	11227	11233	11235	11238	11249	11250	11254	11259	11261	11299	11343	11356	11371	11376	11377	11379	11385	11412	11414	11422	11423	11449	11468	11469	11474	11475	11488	11510	11511	11518	11519	11537	11566	11580	11592	11599	11604	11622	11636	11645	11647	11648	11651	11655	11656	11657	11660	11662	11666	11679	11685	11714	11718	11720	11722	11724	11725	11726	11729	11731	11746	11748	11751	11761	11778	11817	11848	11865	11900	11942	11946	12011	12014	12017	12035	12036	12068	12095	12098	12099	12114	12130	12131	12138	12141	12144	12170	12179	12203	12206	12208	12209	12220	12222	12223	12224	12225	12230	12238	12245	12246	12309	12315	12332	12351	12357	12381	12415	12418	12426	12455	12469	12477	12492	12512	12517	12523	12531	12545	12546	12551	12555	12568	12573	12575	12577	12581	12589	12669	12679	12692	12724	12769	12786	12791	12813	12822	12824	12855	12874	12887	12964	12965	12968	12990	13003	13009	13015	13027	13034	13078	13110	13122	13123	13129	13147	13151	13164	13168	13172	13188	13189	13195	13204	13205	13228	13233	13281	13290	13288	13307	13325	13341	13349	13393	13400	13401	13409	13434	13451	13456	13465	13479	13482	13506	13520	13526	13528	13538	13553	13581	13586	13587	13590	13592	13598	13608	13611	13616	13625	13649	13667	13682	13686	13687	13698	13713	13741	13755	13776	13780	13789	13828	13850	13863	13892	13915	13925	13932	13972	14021	14053	14058	14061	14066	14094	14125	14141	14147	14175	14182	14196	14204	14235	14242	14255	14257	14262	14263	14281	14283	14289	14294	14301	14309	14313	14333	14342	14343	14348	14362	14365	14373	14384	14391	14406	14411	14447	14449	14450
100	41	66	91	116	138	161	189	217	245	273	301	329	357	385	410	438	466	522	550	578	606	631	656	675	713	735	761	786	807	833	908	844	933	956	893	938	970	1016	1038	1077	1096	1136	1182	1191	743	1224	536	511	460	809	592	1247	458	483	1271	934	1288	1007	1312	564	644	680	1407	1414	752	1299	1443	1064	1468	1090	1238	1274	1150	1060	1481	1334	1502	1120	1524	1532	1101	1567	1595	1628	1664	1418	1682	1686	1701	1447	1151	1720	1745	1242	1762	1769	1293	1786	1208	1316	1800	1396	1847	1861	1205	1872	1319	1488	1924	1392	1935	1513	1401	1439	1973	1961	1910	1487	1660	2012	1650	2024	1629	2058	2075	1804	1751	1892	1620	1565	2107	1971	1592	1697	2157	2016	2185	1707	1831	2001	2221	1883	2255	1911	2000	2295	2302	2326	2069	2333	2035	2101	2129	2367	2274	2381	2402	2357	2407	2409	2420	2298	2342	2441	2422	2424	2494	2508	2519	2535	2540	2542	2562	2564	2563	2572	2620	2634	2635	2642	2644	2662	2695	2705	2724	2758	2762	2729	2766	2783	2794	2799	2805	2822	2879	2883	2884	2902	2910	2913	2932	3007	3008	3061	3127	3129	3134	3155	3168	3189	3220	3223	3225	3237	3252	3270	3258	3287	3315	3323	3335	3366	3455	3500	3505	3509	3511	3532	3603	3657	3706	3724	3728	3741	3763	3780	3795	3800	3804	3816	3828	3836	3838	3839	3843	3842	3870	3881	3893	3898	3924	3925	3942	3978	3983	3994	4025	4053	4055	4062	4100	4127	4172	4177	4251	4264	4245	4325	4382	4450	4481	4501	4520	4533	4541	4556	4567	4602	4635	4664	4694	4705	4712	4715	4732	4762	4774	4800	4802	4820	4837	4852	4867	4870	4868	4894	4907	4973	4976	4989	5009	5017	5024	5032	5049	5069	5072	5073	5078	5085	5109	5125	5161	5158	5169	5215	5221	5223	5224	5271	5286	5300	5306	5316	5324	5346	5352	5367	5453	5479	5496	5522	5534	5551	5566	5573	5581	5633	5658	5667	5673	5676	5682	5694	5701	5720	5783	5790	5824	5864	5882	5893	5897	5906	5907	5916	5923	5949	5954	5980	5996	6008	6021	6025	6029	6030	6036	6037	6059	6065	6091	6114	6119	6161	6206	6218	6227	6244	6277	6299	6318	6382	6391	6402	6419	6431	6433	6550	6578	6601	6722	6748	6751	6791	6819	6842	6896	6903	6981	6991	6998	7051	7054	7062	7099	7101	7246	7280	7305	7340	7344	7377	7389	7397	7438	7442	7508	7526	7593	7601	7663	7675	7683	7688	7735	7739	7794	7849	8046	8068	8124	8126	8153	8186	8191	8211	8222	8228	8311	8369	8370	8385	8401	8444	8479	8510	8515	8558	8610	8635	8674	8710	8748	8756	8769	8876	8904	8905	8969	8990	8995	9018	9034	9052	9075	9076	9092	9145	9188	9217	9233	9242	9253	9263	9287	9293	9326	9334	9342	9389	9434	9493	9512	9514	9601	9622	9692	9743	9787	9789	9811	9875	9894	9904	9908	9936	9978	10004	10009	10012	10112	10127	10171	10268	10289	10324	10331	10341	10420	10423	10467	10499	10510	10540	10573	10599	10600	10608	10609	10613	10646	10659	10692	10705	10740	10776	10783	10792	10795	10830	10854	10882	10963	10997	10999	11019	11036	11041	11096	11103	11158	11169	11232	11285	11316	11369	11375	11391	11403	11405	11485	11487	11529	11547	11588	11652	11754	11787	11800	11827	11832	11845	11847	11872	11913	11990	12005	12042	12047	12103	12110	12156	12171	12174	12191	12241	12262	12280	12285	12301	12352	12355	12392	12407	12439	12493	12509	12539	12583	12592	12611	12664	12675	12676	12728	12788	12805	12841	12856	12863	12888	12902	12907	12929	12938	12946	12963	12969	12974	13050	13074	13144	13182	13240	13244	13262	13287	13311	13313	13326	13353	13492	13504	13514	13552	13580	13593	13602	13641	13677	13725	13727	13753	13759	13768	13771	13791	13798	13810	13832	13839	13845	13854	13883	13887	13931	13933	13976	13977	13981	14015	14022	14103	14170	14180	14197	14199	14238	14243	14340	14359	14363	14374	14380	14401	14407	14424	14436
101	42	67	92	117	139	162	190	218	246	274	302	330	358	386	439	467	495	83	523	551	579	607	632	657	653	694	714	736	742	762	787	808	834	859	909	939	971	995	1017	1054	1078	1097	447	1137	417	1192	1206	744	343	791	494	1229	620	411	1006	753	1008	1313	1331	663	1361	1384	1408	839	1444	1275	1028	1482	1335	1503	1525	1568	950	1582	1596	1607	1102	1648	1683	1702	1746	1825	1848	1572	1900	1346	1925	1960	1642	1974	2013	2027	2041	1805	1878	2108	2126	1972	2047	1931	1773	2173	2186	1749	1737	1884	1817	2247	1957	2296	2327	2164	2354	2050	2366	2063	2383	2119	2152	2398	2421	2418	2356	2444	2465	2482	2487	2489	2520	2536	2570	2568	2594	2601	2604	2609	2614	2611	2624	2646	2647	2663	2686	2709	2712	2721	2722	2725	2730	2731	2736	2747	2780	2769	2771	2802	2809	2810	2823	2843	2825	2833	2853	2866	2881	2893	2895	2914	2912	2918	2939	2940	2943	2951	2953	2961	2958	2966	2967	2968	2976	2975	2994	3006	3027	3042	3043	3058	3065	3072	3078	3088	3109	3136	3141	3143	3166	3185	3197	3203	3211	3255	3277	3283	3298	3307	3308	3322	3334	3367	3383	3338	3384	3407	3391	3387	3413	3435	3456	3431	3473	3474	3484	3492	3493	3553	3562	3563	3593	3610	3613	3648	3666	3672	3675	3684	3701	3705	3710	3713	3719	3721	3742	3729	3757	3758	3762	3768	3781	3787	3792	3822	3824	3837	3847	3855	3883	3894	3896	3899	3949	3959	3986	3981	4009	4014	4042	4052	4056	4059	4063	4073	4094	4110	4115	4126	4137	4136	4151	4154	4182	4188	4190	4208	4235	4224	4252	4275	4280	4299	4331	4332	4338	4346	4344	4416	4418	4427	4434	4444	4446	4455	4474	4483	4526	4531	4542	4558	4583	4592	4611	4612	4619	4630	4641	4660	4673	4684	4686	4689	4816	4817	4821	4836	4833	4861	4884	4903	4939	4942	4945	4957	4980	4990	5005	5008	5035	5039	5040	5041	5062	5070	5074	5137	5170	5178	5188	5190	5259	5266	5288	5299	5301	5305	5311	5339	5355	5361	5380	5385	5391	5396	5425	5464	5469	5516	5535	5524	5529	5550	5553	5603	5605	5621	5635	5652	5657	5663	5719	5725	5726	5739	5744	5747	5755	5760	5791	5793	5798	5854	5858	5866	5868	5887	5888	5901	5933	5931	5938	5950	5967	5994	6005	6016	6035	6038	6060	6083	6101	6134	6139	6147	6148	6166	6214	6283	6285	6290	6287	6296	6300	6301	6314	6317	6341	6322	6325	6358	6348	6408	6414	6424	6442	6447	6453	6469	6478	6491	6490	6496	6497	6499	6505	6520	6582	6585	6587	6600	6610	6619	6629	6635	6656	6663	6695	6704	6736	6740	6754	6761	6765	6783	6800	6828	6840	6852	6862	6863	6871	6874	6877	6879	6884	6886	6888	6889	6892	6898	6906	6908	6911	6912	6913	6920	6950	6953	6956	6961	6980	6984	7016	7022	7033	7048	7068	7078	7085	7095	7105	7108	7110	7122	7132	7139	7146	7161	7176	7179	7180	7183	7190	7206	7217	7224	7228	7235	7237	7263	7267	7284	7287	7299	7296	7307	7308	7320	7322	7324	7346	7350	7367	7368	7369	7396	7410	7418	7431	7432	7445	7454	7493	7506	7516	7528	7533	7537	7543	7544	7554	7558	7561	7563	7567	7574	7576	7588	7599	7610	7622	7623	7647	7679	7686	7693	7705	7710	7720	7724	7732	7752	7758	7764	7773	7812	7813	7821	7824	7827	7828	7836	7841	7843	7850	7875	7876	7885	7887	7897	7911	7918	7959	7967	7976	7985	8004	8061	8086	8089	8115	8117	8151	8152	8165	8173	8182	8189	8201	8202	8215	8221	8225	8257	8266	8268	8287	8294	8295	8297	8337	8342	8358	8365	8374	8378	8387	8413	8420	8434	8437	8467	8476	8485	8490	8505	8507	8526	8551	8552	8561	8564	8570	8611	8613	8652	8654	8680	8690	8696	8729	8728	8751	8763	8789	8797	8800	8816	8824	8837	8839	8844	8885	8892	8922	8927	8939	8953	8961	8967	8970	8976	8985	8999	9030	9036	9051	9100	9102	9131	9146	9170	9173	9187	9189	9194	9207	9212	9213	9221	9235	9239	9251	9256	9274	9275	9286	9303	9305	9308	9317	9336	9344	9356	9369	9380	9393	9399	9403	9406	9458	9509	9554	9557	9559	9563	9575	9584	9591	9618	9620	9630	9656	9677	9687	9695	9698	9714	9719	9727	9738	9746	9751	9757	9759	9765	9771	9772	9775	9784	9785	9786	9802	9804	9849	9854	9911	9917	9930	9933	9939	9963	9988	9989	10002	10049	10061	10066	10081	10094	10097	10104	10113	10115	10135	10132	10155	10175	10184	10186	10194	10203	10208	10217	10218	10239	10246	10273	10285	10305	10307	10316	10363	10374	10381	10394	10411	10430	10441	10452	10460	10480	10481	10487	10520	10526	10531	10543	10548	10561	10562	10569	10576	10584	10606	10636	10648	10658	10672	10684	10698	10722	10743	10750	10752	10771	10787	10791	10799	10805	10828	10839	10845	10862	10866	10880	10884	10888	10895	10914	10920	10929	10942	10946	10962	10969	10973	10978	10980	10992	11009	11105	11116	11129	11165	11167	11172	11216	11218	11223	11229	11252	11268	11275	11303	11306	11311	11313	11320	11333	11334	11339	11344	11346	11353	11362	11372	11395	11399	11425	11461	11493	11502	11508	11528	11536	11555	11556	11567	11602	11611	11615	11624	11629	11632	11661	11677	11683	11689	11693	11696	11709	11723	11738	11741	11744	11759	11775	11786	11788	11795	11796	11799	11808	11814	11825	11841	11844	11871	11873	11874	11876	11877	11891	11892	11893	11903	11904	11918	11943	11956	11957	11958	11986	11991	11992	12002	12004	12025	12048	12050	12051	12052	12062	12063	12065	12093	12094	12106	12124	12127	12152	12166	12172	12176	12195	12219	12240	12247	12253	12275	12276	12279	12296	12306	12310	12314	12320	12321	12322	12344	12369	12379	12397	12398	12401	12423	12429	12433	12440	12446	12463	12472	12478	12484	12489	12506	12562	12564	12597	12600	12605	12609	12612	12614	12623	12636	12638	12658	12670	12688	12690	12696	12705	12718	12725	12732	12734	12750	12764	12770	12802	12842	12852	12866	12869	12886	12900	12911	12931	12950	12956	12962	12972	12984	12985	13010	13013	13019	13020	13045	13049	13052	13053	13054	13058	13064	13077	13082	13086	13091	13099	13116	13120	13126	13127	13138	13146	13149	13169	13170	13171	13179	13193	13211	13219	13238	13242	13245	13246	13253	13251	13257	13258	13265	13272	13300	13301	13302	13322	13329	13332	13338	13354	13361	13366	13372	13418	13454	13459	13462	13475	13518	13530	13551	13554	13560	13571	13572	13591	13595	13606	13607	13612	13613	13630	13634	13637	13639	13657	13660	13671	13696	13697	13704	13714	13722	13729	13740	13764	13794	13795	13796	13826	13831	13834	13835	13851	13853	13862	13866	13868	13876	13878	13899	13917	13923	13924	13927	13929	13944	13966	13969	13970	13973	13980	13986	13987	14003	14026	14035	14044	14052	14055	14057	14069	14073	14081	14114	14118	14130	14132	14173	14188	14200	14205	14212	14232	14236	14244	14247	14252	14265	14296	14300	14311	14322	14325	14327	14387	14390	14431
98	39	64	89	114	187	215	243	271	299	327	355	383	436	464	492	520	548	576	604	194	629	654	673	711	759	784	831	856	906	931	954	891	968	1014	1075	166	1094	1134	284	1158	1189	1203	1222	534	788	380	352	1148	1226	1269	952	1033	1310	894	1328	633	1344	1358	716	1381	1405	1412	1425	829	1441	1466	1479	1500	1522	948	1546	1593	1264	1645	1612	1680	1718	1240	1767	1798	1394	1845	1870	1877	1897	1317	1332	1355	1922	1387	1959	1908	1995	1676	1988	2073	1875	2123	2138	2155	1999	2196	2198	1849	2219	2244	2019	2268	2293	2222	2324	2081	2351	2248	2272	2400	2194	2206	2216	2359	2439	2475	2513	2517	2531	2561	2629	2633	2643	2670	2756	2734	2796	2801	2820	2811	2840	2836	2911	3010	3016	3041	3059	3086	3124	3146	3167	3228	3250	3268	3321	3364	3404	3417	3424	3477	3549	3565	3591	3595	3615	3632	3655	3679	3704	3814	3895	3932	4002	4003	4060	4068	4091	4098	4140	4232	4262	4297	4309	4380	4405	4448	4499	4513	4522	4555	4618	4636	4659	4731	4760	4797	4825	4828	4865	4930	4987	4995	5091	5237	5243	5244	5250	5264	5336	5373	5441	5478	5520	5600	5620	5643	5671	5677	5742	5751	5756	5782	5812	5842	5861	5965	5981	6019	6023	6063	6106	6124	6159	6179	6191	6203	6212	6221	6344	6367	6368	6396	6405	6450	6502	6574	6673	6700	6802	6812	6814	6845	6846	6992	7010	7029	7050	7052	7243	7293	7309	7429	7462	7519	7540	7656	7715	7833	7878	7886	8066	8136	8375	8427	8442	8543	8647	8807	8907	8908	8944	8951	8973	9002	9015	9089	9171	9198	9306	9335	9412	9429	9484	9709	9718	9731	9990	9995	10109	10111	10123	10124	10144	10253	10290	10300	10335	10431	10438	10564	10680	10693	10867	10892	10990	11000	11046	11069	11162	11171	11247	11248	11408	11435	11446	11569	11682	11710	11712	11716	11928	12173	12212	12237	12302	12338	12382	12432	12500	12530	12533	12538	12648	12951	13039	13084	13299	13370	13584	13610	13786	13819	13827	13873	13936	14077	14124	14220	14412	14413	14433
99	40	65	115	160	188	216	244	272	300	328	356	384	437	465	493	521	549	577	605	907	955	730	1015	1052	1076	1159	535	984	1270	1287	1329	1382	1227	983	1005	1580	1627	1646	1681	1719	1744	1846	1958	2023	2057	1677	1788	2124	1647	2197	2199	2220	2245	2145	2294	2279	2325	2068	2364	2184	2287	2396	2408	2693	2723	2855	2854	2856	2875	2916	2941	2942	3075	3224	3251	3269	3346	3405	3433	3527	3611	3656	3779	3869	3923	4086	4173	4186	4209	4263	4276	4336	4381	4406	4449	4480	4512	4532	4579	4809	4866	4953	4964	5045	5160	5296	5338	5526	5684	5691	5705	5757	5815	5817	6096	6276	6377	6403	6498	6591	6615	6646	6685	6721	7227	7451	7500	8187	8648	8675	8745	8853	8864	9142	9338	9668	9856	9887	9924	10001	10211	10328	10473	10647	10775	10793	11148	11483	11492	11558	11949	11975	12189	12495	12547	12766	12790	12876	12882	13090	13192	13427	14064	14087
97	33	38	63	88	113	158	186	214	242	270	298	326	354	382	407	435	463	491	519	547	575	603	628	672	710	732	738	758	700	783	813	149	830	855	868	877	905	930	890	935	1013	1074	413	1157	1202	346	379	457	982	1147	1285	1343	1411	1424	1440	1465	1543	1047	1578	1070	1644	1661	1717	1742	1783	1797	1673	1956	1970	1985	1915	2037	1748	2088	2043	2036	2218	2243	2292	2277	2299	2362	2379	2102	2238	2271	2313	2283	2429	2462	2471	2472	2474	2478	2483	2495	2523	2559	2566	2569	2575	2576	2590	2595	2597	2610	2628	2664	2692	2697	2704	2710	2717	2718	2726	2727	2732	2755	2759	2743	2776	2765	2819	2844	2847	2849	2862	2864	2868	2900	2935	2938	2957	2962	2963	2965	2972	2978	3009	3011	3013	3015	3018	3023	3024	3032	3033	3036	3048	3044	3054	3049	3077	3079	3084	3097	3107	3108	3121	3122	3137	3138	3142	3148	3152	3153	3154	3181	3183	3186	3195	3199	3205	3207	3226	3238	3256	3263	3265	3266	3284	3292	3294	3301	3347	3332	3344	3353	3363	3403	3398	3414	3423	3439	3441	3452	3434	3463	3448	3468	3480	3481	3483	3497	3518	3541	3554	3555	3557	3590	3573	3574	3576	3606	3629	3639	3636	3654	3642	3662	3667	3681	3708	3725	3738	3731	3753	3760	3764	3777	3782	3786	3788	3805	3823	3861	3864	3865	3867	3900	3903	3908	3910	3921	3937	3957	3958	3961	3969	3982	4001	4007	4008	4012	4021	4023	4024	4035	4037	4040	4043	4050	4066	4069	4130	4132	4133	4135	4147	4150	4152	4178	4195	4196	4200	4207	4210	4211	4233	4256	4286	4288	4290	4295	4301	4305	4307	4324	4327	4328	4334	4342	4350	4357	4371	4386	4384	4394	4395	4400	4414	4429	4440	4442	4447	4445	4462	4461	4468	4477	4478	4482	4492	4508	4518	4521	4528	4537	4548	4560	4564	4577	4573	4574	4582	4587	4607	4608	4613	4616	4617	4625	4627	4631	4639	4649	4656	4669	4678	4681	4691	4692	4703	4713	4721	4729	4738	4746	4763	4770	4771	4777	4780	4781	4792	4805	4812	4813	4822	4832	4839	4842	4863	4887	4879	4917	4924	4943	4963	4979	4982	4986	4991	4992	4993	4996	5003	5007	5025	5031	5076	5082	5115	5152	5155	5159	5185	5191	5201	5211	5212	5218	5219	5227	5256	5279	5303	5312	5321	5323	5357	5359	5360	5364	5374	5377	5381	5384	5386	5392	5394	5397	5404	5406	5408	5410	5426	5440	5443	5445	5457	5460	5474	5477	5481	5510	5512	5517	5521	5531	5562	5564	5570	5589	5592	5608	5613	5624	5625	5631	5648	5653	5665	5674	5710	5711	5722	5734	5743	5748	5749	5750	5769	5778	5785	5788	5810	5814	5821	5848	5855	5860	5862	5885	5889	5909	5912	5919	5927	5929	5934	5941	5942	5943	5944	5946	5964	5982	5983	5990	5991	5995	6001	6012	6013	6053	6054	6056	6070	6095	6129	6130	6133	6138	6151	6152	6154	6158	6167	6182	6189	6211	6224	6243	6255	6269	6279	6280	6281	6286	6297	6308	6309	6316	6319	6324	6354	6375	6379	6415	6423	6434	6437	6454	6456	6465	6473	6477	6479	6484	6487	6493	6500	6507	6519	6539	6542	6545	6551	6561	6562	6568	6577	6589	6604	6613	6618	6622	6623	6631	6640	6645	6652	6671	6672	6682	6691	6703	6710	6726	6758	6762	6763	6768	6776	6778	6779	6781	6786	6788	6821	6825	6831	6836	6861	6865	6867	6881	6893	6901	6927	6930	6935	6938	6940	6944	6954	6955	6962	6963	6964	6965	6968	6969	6971	6973	6978	6988	6989	6990	6993	7000	7004	7006	7012	7020	7021	7031	7040	7044	7063	7065	7069	7070	7074	7076	7080	7081	7082	7083	7084	7087	7089	7103	7106	7109	7111	7115	7116	7117	7118	7120	7121	7134	7135	7144	7147	7148	7152	7163	7166	7167	7171	7178	7192	7194	7208	7211	7218	7231	7255	7259	7260	7261	7271	7274	7279	7285	7290	7295	7303	7310	7311	7317	7323	7328	7333	7342	7343	7351	7355	7357	7360	7365	7375	7382	7392	7404	7423	7433	7436	7440	7453	7455	7469	7477	7478	7491	7494	7504	7507	7520	7521	7523	7538	7560	7571	7573	7580	7585	7592	7605	7608	7611	7612	7615	7616	7620	7631	7635	7638	7643	7644	7645	7658	7661	7665	7671	7673	7680	7685	7699	7704	7716	7719	7723	7725	7727	7733	7736	7738	7741	7742	7748	7750	7751	7755	7759	7762	7771	7775	7782	7784	7795	7798	7808	7811	7817	7830	7831	7837	7838	7846	7858	7869	7871	7877	7889	7892	7905	7922	7931	7939	7947	7955	7961	7982	7984	7990	8002	8005	8006	8010	8015	8036	8042	8048	8051	8052	8055	8062	8063	8072	8074	8075	8081	8082	8084	8098	8101	8109	8130	8135	8138	8145	8146	8150	8159	8166	8167	8168	8172	8179	8185	8198	8199	8206	8212	8218	8219	8229	8244	8261	8272	8275	8278	8280	8282	8286	8307	8309	8316	8317	8320	8325	8328	8333	8334	8338	8341	8343	8344	8352	8353	8359	8362	8364	8381	8386	8394	8402	8407	8408	8426	8431	8439	8441	8449	8458	8468	8471	8473	8481	8484	8488	8491	8496	8502	8506	8509	8517	8525	8529	8530	8532	8538	8539	8545	8573	8579	8583	8594	8596	8601	8605	8607	8612	8623	8624	8640	8643	8644	8650	8656	8662	8667	8676	8693	8697	8698	8703	8706	8717	8719	8725	8726	8731	8735	8744	8757	8762	8771	8799	8808	8813	8814	8817	8820	8827	8847	8848	8852	8868	8871	8873	8886	8888	8896	8898	8900	8911	8912	8919	8921	8942	8950	8955	8958	8959	8971	9003	9012	9021	9026	9029	9044	9050	9058	9061	9064	9065	9067	9069	9071	9072	9074	9079	9083	9091	9094	9108	9110	9112	9114	9117	9123	9135	9158	9164	9172	9182	9183	9190	9203	9214	9227	9232	9259	9267	9282	9295	9302	9309	9313	9318	9322	9331	9368	9370	9374	9390	9401	9404	9408	9414	9423	9437	9439	9440	9445	9452	9456	9457	9465	9476	9489	9503	9505	9516	9527	9529	9536	9542	9546	9560	9561	9564	9567	9571	9572	9579	9592	9599	9606	9615	9619	9624	9659	9663	9667	9679	9680	9691	9702	9706	9708	9712	9728	9729	9732	9761	9762	9764	9766	9769	9773	9774	9791	9793	9794	9807	9808	9816	9817	9821	9827	9840	9845	9846	9866	9867	9872	9877	9883	9885	9895	9896	9909	9910	9915	9921	9929	9937	9951	9956	9957	9962	9979	9993	10011	10015	10032	10037	10038	10042	10048	10051	10062	10074	10079	10080	10086	10089	10098	10107	10116	10118	10121	10125	10131	10134	10138	10140	10147	10149	10159	10161	10163	10169	10182	10192	10197	10199	10201	10204	10224	10229	10240	10248	10252	10256	10282	10287	10288	10294	10296	10303	10311	10317	10318	10323	10336	10342	10347	10352	10353	10364	10366	10369	10371	10375	10386	10389	10390	10392	10400	10403	10415	10416	10424	10429	10434	10440	10442	10443	10448	10449	10461	10464	10466	10478	10491	10496	10504	10517	10525	10527	10532	10539	10552	10565	10586	10590	10602	10616	10622	10628	10631	10634	10640	10651	10653	10662	10665	10676	10701	10706	10707	10710	10718	10721	10724	10725	10726	10727	10730	10736	10738	10748	10758	10762	10772	10779	10782	10784	10789	10801	10807	10810	10816	10822	10823	10826	10827	10838	10848	10858	10865	10872	10873	10879	10890	10897	10899	10902	10915	10923	10924	10926	10931	10957	10958	10959	10966	10977	10984	10986	10988	11001	11005	11012	11016	11021	11029	11031	11045	11050	11055	11060	11061	11066	11082	11084	11086	11110	11115	11120	11121	11123	11126	11127	11134	11143	11145	11175	11176	11179	11180	11196	11197	11199	11206	11215	11220	11231	11257	11258	11265	11271	11280	11281	11284	11297	11300	11302	11308	11309	11310	11318	11323	11329	11332	11340	11341	11347	11351	11363	11365	11367	11368	11380	11387	11396	11401	11404	11407	11416	11426	11428	11431	11437	11438	11440	11453	11456	11471	11491	11494	11527	11540	11549	11565	11568	11586	11595	11597	11600	11603	11613	11620	11627	11643	11646	11649	11658	11659	11673	11674	11676	11701	11702	11704	11707	11715	11721	11735	11742	11750	11760	11763	11764	11767	11768	11772	11779	11784	11785	11789	11792	11793	11804	11810	11812	11819	11823	11831	11838	11840	11851	11853	11858	11859	11861	11862	11863	11864	11888	11898	11912	11919	11922	11927	11929	11933	11945	11962	11963	11965	11966	11970	11971	11973	11974	11982	11987	11993	12009	12013	12019	12026	12039	12040	12054	12058	12059	12061	12074	12075	12080	12082	12102	12109	12113	12116	12120	12136	12137	12139	12140	12142	12145	12149	12163	12180	12181	12184	12185	12190	12192	12199	12207	12217	12235	12249	12250	12251	12268	12270	12274	12278	12281	12290	12294	12300	12312	12323	12327	12333	12334	12343	12345	12353	12365	12374	12377	12388	12393	12396	12400	12406	12424	12427	12428	12437	12443	12444	12449	12458	12465	12471	12479	12486	12494	12507	12508	12535	12541	12561	12563	12566	12584	12586	12604	12606	12607	12610	12613	12616	12620	12622	12627	12631	12632	12640	12651	12652	12656	12659	12660	12684	12687	12689	12693	12698	12713	12716	12721	12729	12730	12751	12759	12761	12767	12768	12781	12785	12789	12794	12795	12798	12816	12821	12829	12833	12850	12857	12862	12872	12875	12878	12881	12883	12884	12889	12894	12897	12903	12905	12909	12913	12914	12915	12940	12941	12952	12959	12960	12979	12981	12991	12993	13006	13007	13012	13017	13021	13024	13030	13055	13066	13067	13068	13075	13076	13079	13085	13098	13114	13133	13134	13136	13137	13139	13140	13160	13165	13166	13174	13178	13181	13183	13190	13196	13206	13218	13222	13223	13226	13230	13249	13255	13260	13261	13280	13291	13297	13303	13305	13316	13317	13318	13336	13346	13348	13352	13358	13364	13367	13376	13379	13389	13391	13392	13394	13396	13397	13403	13405	13421	13425	13426	13428	13433	13437	13445	13461	13463	13464	13467	13470	13471	13473	13474	13484	13485	13491	13494	13507	13510	13512	13513	13516	13517	13531	13547	13549	13579	13583	13609	13618	13631	13635	13643	13644	13647	13651	13662	13665	13669	13673	13675	13678	13680	13681	13684	13689	13694	13700	13702	13712	13720	13724	13726	13732	13742	13748	13749	13751	13760	13783	13784	13799	13823	13825	13838	13842	13847	13859	13865	13881	13905	13907	13938	13940	13942	13943	13950	13953	13957	13958	13967	13979	13982	13989	13994	13997	14002	14004	14011	14012	14014	14025	14029	14033	14045	14068	14080	14100	14119	14121	14123	14128	14129	14136	14146	14149	14151	14172	14207	14209	14219	14234	14248	14270	14286	14287	14291	14292	14295	14298	14321	14344	14368	14381	14393	14399	14410	14416	14427	14435	14439
110	51	76	101	126	148	171	199	227	58	255	283	311	339	367	395	420	448	476	504	532	560	588	104	666	685	723	745	771	796	843	881	918	943	966	903	980	989	1004	1026	1048	1087	1106	1117	202	1131	456	212	1146	296	234	240	1170	1201	1215	1234	870	408	1160	450	1268	648	1298	572	1322	1340	623	751	1071	1370	1393	720	858	775	1437	1453	1100	1248	885	1491	1348	1512	1534	1558	1577	1020	1591	1605	1616	1638	1276	1657	1121	1674	1118	1428	1696	1711	1730	1755	1772	1779	1796	1326	1810	1834	1406	1871	1177	1882	1889	1909	1934	1499	1723	1523	1416	1969	1478	1651	1983	1442	1475	1484	1634	1928	2007	1670	1549	2022	2085	1559	2082	2135	1571	2150	2056	2167	2026	1608	1860	2182	2195	1675	2163	2208	2210	1873	2256	1901	2280	2290	2312	2139	1968	2336	2353	2072	2363	2375	2211	2177	2251	2188	2192	2330	2404	2433	2343	2451	2395	2452	2481	2529	2607	2641	2645	2659	2672	2683	2772	2798	2832	2889	2892	2927	2952	2986	3035	3045	3053	3071	3099	3131	3169	3209	3235	3262	3280	3345	3360	3351	3376	3392	3393	3451	3496	3522	3607	3584	3627	3680	3694	3707	3755	3773	3807	3812	3849	3853	3888	3917	3934	3955	3980	4015	4028	4032	4072	4064	4079	4103	4107	4106	4113	4145	4161	4167	4175	4193	4212	4261	4302	4319	4368	4372	4409	4426	4432	4523	4514	4530	4543	4551	4554	4561	4603	4642	4658	4653	4655	4674	4665	4688	4701	4707	4724	4727	4742	4730	4735	4739	4741	4757	4784	4775	4783	4804	4838	4856	4860	4900	4904	4889	4916	4914	4925	4927	4938	4944	4947	4952	4961	4965	4966	4968	4983	5014	5010	5013	5027	5034	5056	5057	5061	5088	5095	5103	5084	5104	5105	5119	5107	5111	5118	5120	5126	5136	5145	5151	5150	5165	5171	5175	5183	5176	5186	5193	5202	5199	5205	5231	5217	5225	5232	5249	5239	5242	5245	5248	5262	5258	5260	5273	5285	5290	5304	5325	5314	5326	5328	5329	5331	5332	5334	5349	5348	5356	5366	5403	5422	5424	5439	5431	5430	5433	5444	5466	5490	5482	5491	5506	5530	5532	5533	5525	5556	5563	5571	5575	5583	5584	5602	5627	5634	5655	5649	5685	5692	5752	5758	5794	5787	5792	5795	5808	5809	5828	5816	5834	5826	5827	5835	5843	5851	5850	5852	5853	5874	5871	5876	5900	5904	5918	5928	5930	5940	5951	5956	5977	5993	5997	6011	6026	6049	6048	6082	6079	6094	6105	6118	6109	6116	6125	6149	6160	6177	6184	6199	6208	6209	6216	6217	6222	6237	6226	6229	6231	6239	6256	6258	6261	6262	6272	6284	6311	6328	6330	6350	6359	6366	6374	6404	6412	6418	6432	6446	6466	6470	6480	6503	6514	6517	6544	6546	6548	6554	6563	6560	6575	6580	6581	6586	6588	6599	6593	6603	6626	6616	6627	6634	6637	6653	6655	6664	6670	6684	6679	6686	6687	6694	6706	6713	6717	6730	6723	6741	6727	6728	6756	6757	6760	6766	6767	6769	6775	6777	6817	6835	6849	6853	6864	6873	6907	6899	6902	6922	6976	7001	7017	7023	7036	7037	7053	7059	7079	7092	7123	7133	7138	7142	7143	7157	7164	7175	7188	7207	7196	7204	7205	7209	7213	7238	7251	7257	7264	7291	7321	7347	7356	7370	7371	7376	7385	7386	7387	7394	7401	7426	7472	7473	7481	7483	7510	7505	7513	7518	7524	7532	7536	7539	7542	7555	7556	7557	7562	7565	7568	7569	7577	7579	7581	7591	7594	7596	7603	7618	7606	7607	7621	7624	7625	7636	7637	7640	7649	7651	7654	7657	7676	7689	7690	7713	7721	7740	7743	7744	7763	7754	7765	7767	7774	7791	7797	7801	7810	7814	7823	7859	7855	7860	7862	7882	7893	7895	7896	7915	7921	7930	7941	7953	7957	7963	7991	7997	7999	8007	8011	8021	8022	8025	8030	8038	8041	8045	8047	8050	8056	8060	8065	8069	8070	8071	8073	8076	8094	8099	8116	8123	8133	8137	8162	8175	8176	8178	8181	8195	8203	8205	8232	8236	8237	8239	8241	8248	8253	8254	8263	8279	8283	8289	8290	8304	8313	8332	8356	8366	8384	8388	8391	8396	8406	8428	8454	8445	8478	8482	8495	8497	8504	8512	8513	8519	8522	8531	8534	8537	8546	8547	8548	8553	8563	8566	8567	8581	8576	8586	8591	8600	8617	8618	8626	8632	8636	8651	8661	8663	8671	8672	8686	8702	8709	8727	8739	8749	8755	8761	8764	8772	8774	8787	8793	8794	8811	8826	8829	8831	8832	8835	8836	8838	8841	8843	8846	8850	8851	8865	8925	8931	8932	8937	8946	8952	8968	8992	8997	9013	9014	9031	9035	9038	9042	9059	9062	9090	9095	9101	9107	9113	9128	9129	9130	9155	9168	9223	9228	9243	9276	9281	9290	9294	9297	9298	9315	9333	9358	9359	9367	9372	9373	9375	9410	9417	9421	9425	9449	9453	9464	9470	9486	9496	9497	9499	9501	9504	9507	9515	9517	9518	9520	9526	9531	9538	9545	9547	9549	9562	9576	9581	9593	9595	9605	9608	9610	9612	9616	9617	9621	9631	9633	9635	9636	9639	9641	9642	9652	9662	9693	9721	9733	9739	9747	9779	9770	9783	9788	9803	9805	9814	9829	9820	9834	9823	9825	9828	9838	9843	9859	9861	9868	9870	9871	9874	9879	9880	9889	9891	9920	9967	9968	9974	9980	9983	9997	9998	10005	10016	10027	10029	10034	10043	10052	10072	10082	10085	10088	10090	10093	10101	10103	10141	10150	10152	10167	10168	10172	10173	10177	10178	10179	10180	10214	10215	10219	10222	10223	10241	10244	10247	10261	10267	10270	10276	10293	10302	10306	10310	10320	10322	10326	10327	10334	10343	10344	10349	10357	10358	10372	10385	10388	10395	10405	10407	10408	10412	10417	10418	10419	10421	10425	10426	10428	10433	10454	10455	10462	10494	10495	10498	10500	10503	10506	10508	10509	10512	10514	10518	10519	10522	10524	10544	10541	10542	10547	10551	10553	10560	10580	10625	10669	10686	10697	10753	10765	10780	10786	10796	10812	10825	10841	10844	10849	10883	10896	10903	10905	10907	10911	10917	10934	10935	10948	10970	10974	10982	11010	11014	11022	11024	11025	11026	11027	11033	11042	11049	11058	11065	11070	11080	11081	11087	11097	11102	11106	11113	11117	11136	11142	11152	11160	11183	11187	11189	11190	11191	11192	11193	11208	11209	11211	11212	11213	11214	11221	11222	11225	11230	11236	11240	11241	11243	11253	11255	11273	11282	11290	11292	11301	11326	11336	11342	11382	11388	11402	11409	11410	11419	11424	11439	11452	11454	11465	11466	11498	11505	11501	11513	11514	11531	11538	11559	11570	11571	11577	11587	11605	11608	11619	11630	11631	11639	11644	11650	11663	11667	11675	11681	11684	11686	11688	11694	11698	11700	11719	11732	11737	11739	11743	11747	11756	11758	11765	11818	11820	11821	11833	11880	11883	11884	11887	11890	11907	11940	11954	11967	11994	11995	12006	12022	12027	12029	12030	12056	12070	12071	12076	12084	12088	12092	12101	12119	12121	12133	12134	12143	12151	12157	12158	12160	12182	12188	12196	12200	12201	12202	12210	12213	12226	12228	12244	12248	12261	12283	12295	12298	12325	12328	12335	12346	12349	12354	12356	12358	12364	12370	12372	12387	12442	12447	12450	12452	12497	12505	12510	12511	12521	12522	12534	12537	12544	12549	12553	12557	12559	12560	12571	12572	12580	12585	12590	12591	12595	12596	12601	12621	12624	12625	12634	12646	12647	12663	12667	12674	12678	12686	12701	12706	12707	12715	12744	12745	12754	12758	12778	12792	12793	12797	12801	12819	12823	12834	12851	12858	12859	12861	12890	12922	12923	12932	12934	12948	12949	12988	12989	12992	12994	13002	13031	13036	13038	13041	13060	13056	13059	13071	13104	13106	13115	13118	13143	13155	13184	13187	13199	13208	13210	13215	13217	13224	13239	13243	13250	13263	13284	13293	13296	13308	13323	13324	13327	13333	13334	13340	13345	13350	13351	13365	13387	13412	13415	13422	13429	13430	13440	13442	13448	13450	13452	13460	13477	13478	13480	13481	13486	13487	13489	13490	13495	13500	13503	13519	13532	13536	13541	13542	13544	13545	13558	13562	13566	13569	13582	13596	13597	13603	13604	13617	13623	13650	13658	13664	13672	13676	13683	13690	13703	13715	13718	13744	13762	13767	13779	13782	13788	13802	13816	13817	13840	13846	13869	13872	13879	13884	13891	13897	13898	13900	13903	13906	13908	13911	13926	13939	13949	13959	13985	13991	13992	14008	14010	14016	14054	14071	14092	14095	14101	14104	14126	14131	14156	14159	14163	14164	14179	14181	14190	14191	14201	14223	14227	14258	14266	14276	14278	14293	14304	14305	14312	14315	14328	14332	14336	14347	14349	14355	14356	14358	14371	14383	14389	14395	14398	14414	14422	14443	14445	14446
111	52	77	102	127	172	200	228	256	312	340	396	449	477	505	533	589	617	108	642	699	919	427	1161	573	649	1357	1371	1438	899	1492	1606	1731	1756	1890	1574	1652	1984	1550	2051	2118	2136	2183	2257	2212	2393	2378	2464	2497	2530	2573	2574	2580	2673	2666	2746	2757	2790	2863	2903	2926	2947	2948	2970	3037	3040	3069	3098	3100	3118	3139	3184	3202	3241	3306	3377	3379	3394	3453	3444	3495	3482	3538	3599	3628	3643	3653	3658	3722	3752	3806	3873	3911	3912	3941	3950	3952	4016	4017	4083	4104	4146	4247	4320	4369	4354	4356	4365	4459	4454	4475	4552	4591	4621	4683	4700	4716	4755	4764	4782	4793	4798	4819	4844	4931	4922	4956	4960	5012	5108	5117	5121	5127	5134	5172	5168	5210	5222	5233	5235	5255	5274	5287	5297	5309	5313	5330	5344	5353	5395	5393	5428	5446	5461	5498	5545	5538	5549	5560	5646	5661	5679	5693	5702	5736	5759	5771	5781	5789	5831	5921	5939	5984	6066	6071	6078	6099	6126	6132	6144	6157	6175	6188	6193	6197	6204	6210	6215	6230	6234	6241	6257	6274	6310	6371	6389	6430	6459	6527	6579	6576	6612	6657	6660	6668	6677	6683	6697	6746	6787	6792	6796	6855	6858	6872	6887	6921	6936	6946	7002	7005	7007	7014	7028	7041	7077	7091	7100	7104	7162	7195	7230	7236	7239	7276	7314	7337	7402	7409	7421	7471	7512	7522	7534	7552	7566	7572	7582	7583	7589	7619	7633	7652	7655	7659	7669	7709	7734	7728	7729	7747	7789	7783	7853	7916	7927	7928	7929	7946	7954	7977	7992	8001	8008	8023	8026	8044	8090	8093	8096	8097	8112	8134	8148	8163	8174	8243	8247	8255	8330	8350	8357	8367	8398	8397	8418	8435	8430	8472	8470	8500	8527	8535	8536	8549	8585	8603	8606	8625	8694	8711	8738	8733	8784	8804	8854	8877	8887	8909	8910	8945	8972	8960	9009	9011	9020	9023	9027	9028	9045	9060	9073	9086	9088	9106	9119	9139	9156	9160	9210	9220	9226	9237	9244	9249	9257	9284	9300	9304	9314	9325	9352	9355	9381	9382	9394	9395	9396	9405	9427	9447	9451	9466	9488	9494	9519	9530	9534	9544	9570	9583	9589	9613	9603	9627	9632	9640	9651	9657	9665	9666	9685	9688	9694	9700	9703	9711	9740	9745	9760	9776	9797	9810	9822	9826	9837	9860	9863	9873	9892	9916	9918	9919	9959	9961	9971	9972	9973	9984	10039	10044	10054	10071	10076	10087	10092	10114	10110	10154	10181	10227	10221	10238	10265	10286	10378	10398	10404	10471	10502	10550	10566	10570	10611	10612	10667	10704	10739	10755	10760	10761	10774	10808	10833	10836	10855	10891	10893	10925	10945	10961	10965	10971	10981	10987	11047	11048	11059	11076	11083	11108	11111	11147	11156	11159	11188	11251	11264	11266	11321	11328	11352	11370	11398	11420	11434	11442	11448	11458	11464	11470	11478	11496	11499	11503	11521	11539	11543	11593	11617	11628	11640	11641	11653	11671	11687	11691	11734	11736	11755	11753	11798	11809	11815	11834	11869	11885	11896	11902	11920	11923	11936	11953	11969	12000	12012	12073	12079	12085	12100	12111	12115	12123	12132	12146	12168	12178	12214	12218	12252	12257	12264	12266	12299	12308	12361	12362	12368	12371	12389	12408	12470	12481	12483	12488	12491	12502	12528	12529	12565	12569	12598	12619	12629	12644	12645	12655	12657	12661	12673	12691	12717	12735	12739	12746	12765	12775	12782	12803	12818	12820	12838	12843	12860	12864	12880	12891	12896	12898	12942	12961	12970	12982	12997	13001	13022	13025	13029	13063	13070	13081	13112	13131	13154	13156	13163	13167	13201	13209	13248	13256	13266	13278	13283	13295	13309	13312	13321	13357	13363	13374	13380	13411	13443	13455	13458	13488	13533	13534	13539	13548	13559	13563	13567	13578	13599	13600	13601	13645	13656	13685	13688	13699	13709	13710	13719	13721	13723	13731	13733	13736	13750	13763	13770	13778	13785	13790	13803	13808	13820	13858	13867	13870	13874	13882	13895	13896	13904	13909	13914	13922	13963	13978	13984	13999	14007	14019	14027	14031	14034	14037	14051	14056	14065	14086	14088	14098	14102	14108	14110	14122	14133	14143	14145	14155	14189	14215	14217	14218	14229	14241	14250	14251	14273	14302	14303	14317	14335	14338	14360	14367	14376	14400	14409	14415	14417	14429	14432	14441	14448
40	896	921	1904	2419	3080	3516	3802	4654	4975	5087	5267	5700	6131	6975	8276	10026	10458	10668	11170	12032	12311	12753	12947	13198	13342	13368	13918	14096
108	35	49	74	99	124	146	169	197	225	253	281	309	337	365	393	418	446	474	502	530	558	586	614	128	639	664	683	696	660	701	721	749	769	794	815	824	133	841	866	879	888	916	852	941	964	739	901	946	978	987	1002	1024	1046	1085	157	184	1104	1115	196	1129	454	1144	1168	1190	1199	368	324	1213	351	374	993	600	424	1266	489	507	1279	942	760	962	563	1296	1043	1320	1338	818	1069	688	1354	1368	697	726	1391	1415	772	1435	1236	1451	1072	1476	1246	1489	1510	932	944	1128	1540	1554	1109	1556	1575	1040	1589	1603	1614	1061	1636	1655	1672	1426	1690	1694	1709	1728	1753	1770	1207	1794	1216	1324	1808	1826	1832	1855	1869	1291	1880	1579	1255	1263	1684	1325	1353	1347	1932	1943	1457	1967	1434	1981	1460	1918	1632	2005	1541	2020	1658	2034	1637	2048	2066	1998	2083	1812	1759	1885	2099	2080	2115	2133	2148	1705	1938	1618	1619	2180	2193	2104	1708	1714	1815	2229	1789	1829	2254	1899	1902	1964	2008	2154	2278	2288	2310	2137	2232	1996	2334	2171	2361	2029	2373	2209	2091	2389	2405	2189	2305	2410	2365	2328	2415	2417	2223	2431	2350	2392	2425	2319	2423	2434	2455	2493	2502	2496	2499	2516	2512	2527	2541	2521	2571	2606	2608	2648	2657	2675	2676	2681	2713	2770	2781	2785	2800	2813	2816	2830	2839	2815	2887	2890	2898	2897	2921	2919	2920	2946	3000	3005	3026	3051	3089	3120	3123	3133	3177	3208	3233	3236	3239	3242	3260	3290	3296	3312	3314	3331	3358	3349	3374	3442	3460	3512	3513	3517	3521	3536	3575	3583	3641	3668	3716	3761	3766	3811	3820	3833	3856	3860	3878	3886	3901	3907	3922	3960	3987	4034	4049	4070	4071	4078	4101	4105	4122	4121	4143	4159	4158	4163	4176	4197	4238	4259	4272	4243	4268	4278	4292	4300	4306	4326	4390	4373	4378	4489	4488	4509	4498	4511	4525	4549	4565	4569	4595	4597	4628	4679	4680	4704	4706	4717	4720	4722	4725	4740	4737	4743	4747	4754	4758	4767	4769	4772	4786	4795	4807	4808	4827	4846	4849	4851	4854	4855	4878	4877	4898	4891	4902	4915	4967	4977	5016	5047	5050	5059	5066	5067	5089	5090	5128	5129	5138	5148	5149	5163	5173	5187	5200	5203	5240	5246	5247	5268	5281	5283	5289	5307	5318	5372	5398	5449	5508	5519	5555	5610	5637	5675	5681	5678	5690	5689	5728	5721	5766	5832	5829	5891	5902	5914	5955	5957	5975	5999	6033	6045	6047	6068	6081	6115	6122	6142	6156	6173	6202	6220	6252	6263	6278	6331	6365	6378	6388	6392	6406	6411	6436	6518	6531	6532	6547	6553	6566	6570	6597	6624	6633	6696	6720	6739	6750	6822	6859	6854	6860	6880	6891	6900	6925	6960	6979	7015	7030	7039	7042	7075	7093	7129	7131	7127	7136	7159	7172	7202	7201	7216	7221	7242	7245	7277	7289	7331	7334	7383	7403	7408	7434	7435	7461	7463	7466	7474	7497	7501	7511	7514	7531	7550	7634	7668	7674	7768	7786	7805	7822	7856	7861	7870	7872	7898	7925	7989	8028	8032	8034	8059	8067	8088	8095	8119	8121	8125	8144	8164	8249	8250	8258	8335	8372	8376	8382	8395	8409	8452	8521	8597	8699	8707	8722	8736	8742	8815	8862	8861	8974	9006	9041	9063	9077	9116	9118	9150	9151	9152	9153	9157	9181	9216	9231	9247	9258	9357	9371	9433	9436	9477	9582	9675	9682	9684	9690	9696	9715	9749	9753	9778	9881	9903	9907	9943	9954	9970	9966	10055	10058	10068	10108	10129	10146	10220	10212	10216	10237	10264	10274	10278	10291	10304	10312	10321	10330	10361	10410	10483	10577	10592	10595	10603	10624	10637	10649	10655	10690	10695	10712	10715	10770	10778	10781	10797	10804	10851	10853	10898	10919	10936	10938	11030	11174	11177	11237	11278	11298	11304	11317	11322	11331	11384	11459	11482	11495	11541	11572	11579	11633	11635	11670	11672	11706	11771	11774	11783	11811	11824	11905	11947	11979	11989	12016	12018	12148	12204	12395	12404	12431	12434	12457	12473	12518	12550	12567	12626	12653	12654	12680	12710	12722	12742	12757	12772	12784	12807	12827	12831	12921	12976	13005	13043	13094	13096	13100	13124	13197	13267	13298	13320	13335	13359	13395	13404	13416	13468	13620	13640	13654	13706	13746	13849	14043	14157	14171	14275	14279	14280	14354	14357	14375	14404
41	4848	4888	4910	8149	8903	9363	10661	10768	10824	10922	11150	11151	11373	11378	11806	12330	13141	13546	13890	14150	14195	14233	14261	14264	14299	14306	14310	14350	14351	14408
109	50	75	100	125	147	170	198	226	254	282	310	338	366	394	419	475	503	531	559	587	615	640	665	684	722	770	795	816	842	867	889	178	917	965	947	979	1003	1025	1062	1086	1116	1130	455	1145	295	1169	1214	402	1267	1280	1297	1044	1321	1339	1369	1187	798	800	1436	1237	892	1452	1477	1283	1490	1511	960	1533	1557	1576	1590	1604	1615	1656	1623	1091	1754	1778	1827	1856	1888	1362	1933	1498	1944	1455	1997	1669	1548	2021	1721	2049	2067	2084	2116	2134	2149	1706	2166	1859	2181	2105	2207	1781	2230	2304	2311	2233	2335	2044	2374	2297	2390	2411	2416	2432	2450	2370	2503	2510	2515	2528	2546	2552	2651	2694	2733	2767	2817	2831	2874	2944	2973	3052	3070	3076	3161	3162	3178	3261	3279	3375	3443	3558	3702	3737	3767	3892	3945	3993	4019	4081	4102	4198	4219	4240	4242	4340	4367	4391	4436	4589	4644	4744	4765	4791	4843	4869	4876	4899	4921	4923	4937	4959	5028	5083	5102	5135	5131	5333	5342	5347	5413	5415	5472	5488	5568	5582	5590	5629	5654	5659	5672	5729	5898	5915	5963	5960	6034	6172	6176	6186	6240	6253	6275	6349	6376	6407	6443	6501	6526	6584	6731	6841	6848	6870	6919	7038	7174	7181	7193	7254	7315	7437	7447	7639	7662	7667	7697	7826	7917	7943	8085	8113	8120	8132	8410	8411	8436	8453	8556	8565	8660	9007	9093	9111	9328	9420	9580	10277	10297	10319	10641	10699	10968	10975	11665	11780	11828	11854	11915	11960	12090	12254	12316	12391	12416	12430	12737	12812	12930	13087	13216	13276	13615	13646	13800	13830	13857	14109	14158
106	47	72	97	122	144	167	195	223	251	279	307	335	363	391	416	444	472	500	528	556	584	612	637	662	681	719	741	767	792	914	850	737	976	1022	1059	1083	1113	1142	222	392	1253	883	488	1277	1294	1318	902	1336	1067	1352	724	1389	1413	1305	1449	1474	1508	1530	1552	1601	1653	1688	1692	1200	1726	1768	1806	1830	1905	1272	1359	1569	1941	1965	1916	1994	1795	2097	2131	2052	2191	2227	2252	2276	2308	2339	2349	2321	2403	2413	2234	2447	2491	2525	2577	2625	2640	2630	2655	2671	2684	2764	2768	2742	2828	2848	3067	3175	3288	3304	3329	3412	3430	3544	3559	3602	3663	3674	3692	3696	3714	3769	3863	3876	3930	3970	3976	4099	4114	4148	4149	4171	4257	4287	4388	4456	4550	4563	4586	4670	4697	4709	4768	4826	4831	4941	5132	5142	5167	5322	5341	5362	5557	5579	5626	5703	5764	5754	5822	5830	5952	6017	6031	6103	6121	6169	6195	6233	6250	6294	6346	6384	6401	6463	6666	6692	6753	6764	6793	6797	6820	6949	7008	7113	7140	7155	7160	7443	7470	7529	7548	7632	7672	7761	7792	7993	8139	8214	8216	8235	8305	8450	8759	8805	8860	8978	9055	9490	9660	9758	9947	10119	10157	10213	10254	10272	10439	10679	10685	10746	10886	11002	11008	11186	11270	11690	11826	12057	12193	12221	12263	12383	12425	12578	12682	12910	12937	13207	13435	13447	13743	13775	13792	13954	14009
47	2894	9285
107	48	73	98	123	145	168	224	252	280	308	336	364	445	473	501	529	557	585	613	203	682	659	768	793	814	840	865	887	915	940	963	977	1001	1023	1045	1084	1103	191	1143	267	1167	750	992	1254	432	1265	1278	1295	748	1367	1390	1421	1306	1341	1509	1531	1553	1555	1588	1108	1163	1689	1693	1454	1107	1727	1752	1300	1793	1323	1807	1854	1868	1188	1879	1886	1235	1906	1495	1570	1942	1397	1419	1456	2004	2033	2065	2079	2114	2132	1978	2147	1678	2179	1838	2205	1724	2228	2309	2231	2340	2174	2322	2260	2263	2430	2448	2460	2526	2549	2548	2669	2685	2690	2708	2829	2934	2985	3014	3101	3132	3259	3313	3327	3389	3462	3510	3539	3533	3535	3556	3600	3609	3664	3765	3813	3846	3874	3875	3879	3889	3902	3904	3931	3971	3988	4084	4141	4162	4156	4170	4277	4389	4417	4452	4507	4510	4527	4604	4668	4667	4695	4719	4751	4785	4858	4874	4897	4882	4919	4920	4972	5006	5068	5133	5174	5272	5382	5401	5412	5465	5585	5611	5651	5670	5669	5686	5699	5727	5776	5870	5896	5913	5937	5962	5974	6015	6088	6163	6190	6267	6332	6363	6385	6387	6421	6428	6464	6482	6552	6558	6709	6714	6715	6729	6743	6815	6876	6924	6932	6952	7086	7240	7349	7406	7456	7670	7863	7907	8027	8147	8160	8301	8302	8308	8312	8578	8740	8743	8747	8845	8881	8923	9049	9134	9197	9229	9234	9236	9337	9384	9402	9481	9522	9654	9661	9673	9689	9735	9777	9898	9901	9945	9948	9950	9969	9982	9985	10308	10380	10470	10591	10809	10887	10953	11146	11366	11447	11515	11524	11581	11601	11621	11713	11781	11790	11895	11950	11955	11997	12015	12135	12242	12319	12451	12552	12556	12579	12727	12873	13102	13150	13185	13388	13453	13509	13574	13638	13787	13809	13889	13995	14060	14078	14097	14165	14231	14246	14277	14419
104	45	70	95	120	142	165	193	221	249	277	305	333	361	389	414	442	470	498	526	554	582	610	635	143	679	692	707	790	811	837	884	173	912	937	1042	1081	1125	1140	1164	1186	1195	1228	1232	1251	461	1292	1011	601	1364	1039	725	1431	1485	1342	1506	988	1599	1155	1822	1828	1851	1230	1281	1420	1472	1470	1473	1504	1654	2030	2062	1896	2111	2161	2100	1835	2202	1841	1811	2225	1790	2250	2259	2025	2337	2427	2388	2445	2446	2454	2485	2537	2589	2602	2612	2674	2711	2728	2750	2749	2792	2797	2826	2835	2851	2860	2869	2871	2928	2949	2979	2981	2999	3038	3039	3047	3055	3060	3073	3112	3119	3150	3160	3170	3187	3190	3196	3206	3278	3286	3299	3310	3316	3348	3410	3388	3399	3428	3470	3540	3568	3580	3598	3616	3619	3626	3630	3634	3661	3645	3673	3703	3709	3712	3732	3727	3745	3740	3751	3784	3789	3796	3810	3832	3834	3882	3887	3897	3916	3928	3979	3990	4004	4022	4027	4031	4054	4061	4076	4097	4112	4125	4187	4199	4205	4215	4255	4317	4321	4348	4362	4352	4359	4393	4383	4413	4423	4428	4431	4433	4451	4457	4458	4493	4506	4517	4515	4524	4545	4538	4553	4562	4584	4596	4626	4640	4698	4702	4733	4766	4810	4814	4824	4857	4872	4906	4949	4951	4998	5021	5036	5130	5177	5228	5379	5388	5407	5429	5434	5468	5484	5486	5483	5494	5502	5505	5509	5511	5518	5527	5528	5558	5565	5577	5587	5595	5606	5601	5616	5662	5745	5762	5770	5800	5803	5811	5825	5849	5867	5880	5890	5910	5948	5958	5987	6020	6043	6052	6084	6098	6107	6117	6128	6146	6165	6201	6205	6248	6251	6270	6304	6353	6320	6343	6386	6397	6409	6427	6429	6449	6452	6457	6468	6489	6504	6509	6515	6537	6541	6564	6595	6608	6620	6614	6630	6641	6644	6681	6702	6708	6716	6724	6752	6771	6773	6818	6839	6843	6897	6948	7035	7055	7057	7151	7229	7278	7292	7336	7373	7422	7427	7448	7460	7489	7496	7517	7530	7549	7570	7604	7630	7678	7694	7726	7731	7737	7745	7777	7778	7785	7840	7857	7904	7919	7920	7926	7948	7949	7958	7960	7981	7983	7988	8016	8080	8129	8141	8169	8180	8314	8324	8326	8331	8339	8345	8349	8354	8389	8392	8405	8417	8419	8448	8447	8463	8474	8480	8483	8499	8514	8523	8554	8562	8580	8588	8590	8615	8653	8655	8689	8704	8732	8734	8737	8758	8760	8767	8778	8783	8796	8810	8812	8858	8897	8902	8906	8913	8929	8954	9046	9180	9222	9254	9346	9378	9388	9467	9473	9500	9541	9578	9594	9748	9809	9942	10017	10056	10065	10099	10117	10166	10174	10207	10230	10243	10275	10292	10301	10340	10365	10373	10387	10402	10484	10489	10523	10528	10533	10538	10545	10558	10559	10589	10660	10666	10716	10742	10767	10777	10842	10964	11040	11057	11073	11092	11098	11114	11133	11157	11242	11263	11267	11276	11294	11295	11359	11406	11411	11457	11484	11507	11535	11564	11596	11616	11618	11642	11757	11829	11855	11868	11916	11924	11930	11941	12097	12126	12177	12255	12289	12292	12313	12359	12409	12419	12435	12454	12460	12542	12602	12615	12630	12700	12731	12733	12740	12780	12828	12853	12868	12885	12895	12912	12928	12986	13037	13051	13069	13108	13130	13132	13279	13304	13331	13344	13360	13362	13381	13390	13469	13508	13556	13575	13632	13668	13769	13773	13797	13813	13848	13901	13945	13956	13993	14018	14024	14085	14111	14115	14116	14117	14140	14152	14166	14169	14176	14178	14185	14193	14230	14239	14260	14269	14290	14329	14370	14372	14418	14444
45	1966	2281	2925	8669	10393	11164
105	37	46	71	96	121	250	306	334	362	390	415	443	471	499	555	583	611	636	661	740	766	821	838	863	913	961	207	421	1233	1010	643	545	567	638	1351	1365	1388	747	1432	1486	1586	1600	1633	1750	1774	1282	1929	1494	1471	1842	2017	2045	2112	2130	2158	2387	2127	2372	2160	2458	2469	2468	2479	2473	2486	2484	2524	2532	2567	2560	2565	2584	2582	2598	2605	2618	2613	2619	2622	2636	2716	2720	2735	2740	2763	2751	2784	2748	2773	2841	2857	2850	2933	2950	2955	2960	2971	2964	2980	2982	3019	3017	3031	3021	3029	3034	3062	3066	3056	3063	3068	3090	3105	3092	3104	3110	3115	3114	3140	3147	3171	3179	3191	3194	3204	3213	3214	3230	3246	3264	3257	3275	3276	3281	3285	3295	3309	3303	3340	3333	3361	3370	3373	3411	3395	3419	3447	3449	3471	3478	3489	3491	3486	3490	3494	3529	3566	3570	3581	3604	3620	3621	3637	3635	3647	3644	3640	3646	3652	3717	3718	3720	3734	3739	3750	3772	3785	3771	3790	3794	3817	3857	3872	3871	3913	3919	3920	3929	3948	3953	3954	3956	3977	3974	3975	3999	4005	4010	4020	4018	4029	4026	4033	4038	4041	4051	4119	4134	4138	4189	4192	4206	4203	4218	4216	4223	4241	4274	4282	4289	4303	4330	4339	4341	4343	4345	4347	4349	4363	4379	4387	4392	4396	4399	4408	4421	4424	4438	4435	4437	4439	4441	4470	4476	4485	4486	4487	4491	4494	4516	4529	4546	4539	4544	4547	4559	4568	4570	4590	4581	4594	4615	4610	4614	4645	4650	4652	4657	4663	4672	4690	4710	4745	4749	4799	4801	4834	4873	4895	4880	4911	4912	4918	4932	4936	4940	4946	4950	4978	4984	4988	5000	5001	4994	5004	5015	5011	5020	5026	5077	5079	5086	5098	5099	5092	5114	5101	5123	5140	5166	5162	5189	5192	5196	5197	5204	5209	5214	5216	5220	5229	5236	5241	5254	5261	5275	5292	5293	5308	5345	5363	5365	5371	5376	5389	5402	5405	5409	5417	5416	5418	5419	5423	5427	5435	5442	5455	5456	5459	5473	5480	5489	5492	5493	5495	5499	5501	5504	5507	5515	5523	5539	5540	5561	5572	5567	5574	5588	5599	5614	5609	5619	5632	5650	5644	5645	5668	5683	5687	5712	5730	5735	5746	5753	5765	5768	5797	5796	5799	5801	5802	5813	5840	5846	5847	5863	5856	5865	5873	5877	5879	5884	5922	5932	5935	5945	5947	5971	5972	5973	5966	5976	5978	5988	5989	5998	6002	6044	6050	6077	6085	6090	6092	6137	6136	6141	6143	6150	6174	6181	6187	6194	6198	6223	6254	6273	6289	6305	6302	6315	6327	6342	6364	6390	6393	6395	6413	6416	6420	6422	6448	6455	6458	6461	6474	6475	6481	6492	6495	6508	6523	6524	6528	6533	6535	6549	6565	6567	6573	6598	6617	6621	6639	6638	6648	6643	6659	6661	6662	6675	6678	6680	6688	6698	6711	6732	6770	6772	6789	6798	6801	6805	6813	6816	6824	6827	6832	6834	6844	6847	6851	6856	6857	6866	6868	6869	6875	6890	6909	6910	6914	6916	6917	6923	6926	6934	6937	6942	6947	6974	6977	6982	6986	6995	6996	6997	7003	7025	7046	7056	7094	7098	7102	7112	7124	7125	7149	7153	7154	7184	7185	7191	7198	7199	7219	7220	7232	7250	7256	7262	7273	7281	7294	7298	7301	7313	7319	7335	7339	7345	7354	7361	7362	7378	7381	7390	7391	7395	7398	7414	7415	7417	7424	7444	7446	7450	7476	7482	7495	7509	7515	7527	7535	7559	7564	7587	7600	7613	7614	7617	7650	7653	7687	7698	7702	7706	7730	7746	7749	7760	7770	7769	7772	7780	7793	7803	7796	7806	7809	7835	7839	7845	7851	7864	7866	7868	7873	7874	7881	7884	7888	7900	7899	7909	7912	7914	7923	7938	7964	7968	7971	7972	7973	7975	7978	7979	7987	7996	8000	8003	8017	8031	8035	8037	8043	8053	8064	8078	8092	8087	8091	8122	8127	8140	8142	8143	8156	8157	8161	8184	8190	8193	8196	8200	8207	8226	8230	8233	8234	8251	8252	8264	8265	8269	8274	8277	8288	8291	8292	8296	8299	8321	8323	8336	8340	8363	8373	8377	8379	8383	8400	8423	8425	8429	8432	8438	8451	8466	8487	8494	8501	8503	8511	8533	8540	8541	8544	8555	8557	8559	8568	8575	8577	8582	8589	8593	8598	8599	8602	8604	8616	8619	8627	8634	8658	8666	8682	8683	8684	8685	8700	8713	8715	8718	8720	8723	8753	8773	8775	8777	8779	8780	8788	8795	8801	8806	8818	8822	8825	8830	8856	8863	8872	8884	8893	8899	8914	8915	8917	8918	8926	8935	8936	8940	8941	8947	8948	8964	8965	8979	8981	8983	8986	9004	9008	9010	9016	9022	9024	9043	9053	9056	9070	9080	9082	9098	9099	9124	9126	9136	9143	9147	9162	9166	9167	9195	9200	9201	9202	9205	9209	9215	9218	9224	9245	9262	9268	9270	9273	9278	9288	9296	9299	9301	9311	9321	9323	9324	9332	9341	9343	9345	9349	9350	9351	9353	9362	9366	9383	9386	9391	9392	9407	9416	9411	9424	9426	9428	9430	9431	9435	9446	9455	9471	9474	9475	9480	9483	9492	9508	9523	9528	9532	9535	9539	9558	9565	9569	9587	9588	9598	9607	9637	9644	9648	9649	9653	9658	9669	9672	9676	9683	9701	9704	9710	9720	9722	9730	9742	9750	9755	9763	9790	9792	9796	9806	9818	9832	9833	9839	9865	9878	9884	9888	9897	9906	9912	9913	9914	9922	9923	9932	9938	9941	9944	9946	9949	9960	9987	9992	10006	10007	10010	10020	10040	10045	10047	10057	10059	10064	10070	10073	10075	10078	10083	10091	10095	10096	10102	10126	10137	10139	10143	10145	10148	10158	10160	10164	10190	10183	10187	10188	10200	10193	10198	10195	10196	10205	10210	10235	10245	10251	10257	10259	10284	10298	10314	10351	10359	10360	10362	10384	10406	10409	10413	10422	10435	10444	10446	10450	10451	10453	10479	10486	10497	10507	10529	10535	10536	10546	10557	10563	10568	10571	10572	10575	10579	10582	10583	10585	10594	10593	10601	10607	10610	10617	10626	10627	10629	10630	10632	10638	10639	10642	10650	10656	10670	10671	10675	10677	10681	10682	10683	10687	10702	10711	10729	10732	10754	10757	10759	10764	10766	10769	10785	10788	10798	10800	10817	10818	10819	10829	10832	10834	10856	10860	10861	10871	10875	10881	10908	10913	10927	10933	10940	10943	10949	10950	10951	10960	10976	10991	10993	10998	11007	11015	11037	11035	11038	11039	11044	11051	11052	11054	11064	11099	11109	11122	11124	11125	11130	11132	11137	11139	11140	11144	11166	11168	11178	11181	11184	11194	11202	11203	11210	11239	11246	11256	11262	11293	11296	11312	11319	11327	11338	11350	11354	11357	11374	11390	11393	11394	11413	11415	11421	11429	11432	11433	11443	11444	11451	11455	11460	11462	11467	11472	11480	11481	11490	11500	11506	11509	11512	11516	11523	11525	11542	11544	11545	11546	11548	11550	11552	11554	11561	11576	11585	11598	11614	11626	11637	11668	11669	11695	11717	11733	11749	11752	11762	11776	11803	11813	11816	11830	11835	11836	11837	11839	11842	11850	11852	11856	11870	11878	11879	11881	11882	11894	11897	11899	11910	11914	11921	11931	11932	11939	11944	11964	11972	11976	11984	11988	12001	12007	12028	12031	12037	12038	12055	12066	12067	12069	12083	12086	12087	12125	12154	12164	12186	12187	12194	12197	12205	12236	12256	12258	12260	12272	12273	12284	12286	12291	12293	12303	12304	12305	12307	12318	12324	12340	12342	12350	12366	12367	12394	12399	12402	12403	12411	12412	12414	12421	12441	12461	12462	12464	12474	12475	12480	12485	12504	12513	12515	12527	12536	12548	12554	12570	12582	12588	12599	12617	12633	12635	12650	12662	12665	12668	12672	12681	12699	12702	12708	12714	12720	12741	12743	12747	12749	12760	12777	12796	12800	12806	12809	12810	12811	12815	12825	12836	12840	12845	12846	12847	12848	12867	12870	12877	12879	12899	12904	12908	12916	12917	12925	12926	12933	12935	12936	12943	12966	12967	12971	12980	12998	13000	13004	13011	13016	13023	13026	13042	13044	13057	13062	13065	13073	13083	13088	13092	13093	13103	13119	13152	13153	13157	13162	13173	13175	13176	13191	13200	13202	13203	13212	13221	13231	13235	13254	13273	13275	13277	13282	13286	13289	13306	13328	13330	13347	13355	13356	13369	13382	13384	13385	13386	13398	13399	13402	13406	13410	13414	13423	13424	13436	13438	13444	13457	13476	13497	13523	13525	13527	13537	13540	13543	13557	13570	13577	13585	13588	13589	13605	13619	13627	13629	13633	13652	13653	13655	13666	13674	13693	13701	13705	13711	13716	13728	13734	13738	13745	13752	13766	13781	13814	13821	13829	13836	13877	13880	13893	13894	13916	13928	13946	13947	13952	13955	13960	13961	13962	13971	13983	14020	14028	14032	14036	14038	14040	14042	14047	14063	14070	14074	14082	14093	14107	14134	14137	14142	14144	14167	14168	14183	14184	14187	14194	14208	14213	14214	14216	14225	14226	14240	14253	14256	14274	14318	14323	14324	14331	14337	14352	14353	14379	14385	14386	14394	14396	14397	14405	14420	14423	14425	14426	14430	14437	14442	14453
119	59	84	134	235	263	291	319	347	375	177	428	484	512	540	568	596	624	674	693	670	731	779	804	851	876	926	156	951	974	1012	1034	1095	1114	1139	1154	1178	323	378	1223	703	1330	1378	702	1196	871	1356	1520	1542	1585	1613	1624	1665	1377	1174	1700	1704	1738	1763	1780	1217	1256	1818	1865	1363	1581	1376	1953	1430	1991	1526	2042	2076	2093	1917	2109	2125	2175	1776	2190	2203	1743	2239	2264	2320	2344	2371	2338	2246	2459	2587	2626	2660	2653	2691	2702	2698	2699	2865	2891	2908	2954	2989	3103	3156	3157	3274	3459	3469	3546	3528	3550	3585	3594	3693	3746	3815	3830	3859	3880	3914	4080	4111	4164	4228	4269	4376	4415	4571	4638	4647	4666	4723	4750	4756	4847	4864	4908	4901	4955	5030	5038	5058	5071	5113	5153	5179	5351	5543	5591	5697	5709	5763	5833	5881	5985	6110	6183	6295	6336	6338	6381	6383	6435	6460	6530	6665	7096	7212	7215	7222	7244	7288	7329	7602	7609	7790	7799	7802	7818	7908	7934	7935	7974	8014	8020	8271	8347	8360	8368	8462	8508	8520	8894	8998	9137	9176	9240	9261	9319	9398	9415	9462	9502	9596	9670	9686	9705	9940	9955	10000	9994	10063	10120	10476	10910	10956	11067	11128	11207	11324	11345	11349	11634	11711	11807	11978	12023	12265	12326	12719	12787	13048	13061	13621	13636	13692	13871	13919	14105
117	90	140	185	213	241	269	297	325	353	381	183	409	434	462	490	518	546	574	602	630	655	712	676	717	765	785	727	810	857	882	895	904	440	422	616	517	1252	872	1467	1671	1132	1923	2064	2086	2406	2113	2436	2467	2498	2476	2586	2593	2591	2588	2596	2603	2617	2627	2637	2638	2737	2714	2753	2754	2738	2803	2787	2818	2876	2974	2990	2991	2983	3001	3050	3028	3093	3106	3087	3111	3159	3149	3180	3176	3210	3188	3222	3232	3217	3253	3319	3305	3330	3357	3352	3336	3337	3380	3390	3408	3425	3438	3418	3466	3479	3461	3475	3457	3508	3515	3520	3530	3543	3561	3589	3569	3601	3671	3689	3665	3735	3733	3726	3756	3791	3770	3850	3829	3852	3858	3862	3891	3905	3935	3918	3933	3962	3964	3965	3968	3996	3972	4039	4036	4067	4057	4093	4118	4131	4160	4153	4157	4174	4184	4227	4217	4260	4273	4293	4298	4281	4322	4316	4351	4355	4361	4335	4337	4360	4364	4366	4377	4353	4411	4412	4419	4420	4460	4469	4467	4472	4504	4490	4519	4557	4575	4572	4606	4585	4634	4620	4624	4646	4632	4696	4675	4676	4687	4693	4718	4734	4736	4753	4773	4776	4787	4790	4794	4859	4841	4853	4892	4886	4926	4929	5019	4999	5023	5100	5180	5181	5195	5208	5265	5298	5302	5310	5315	5350	5337	5369	5421	5414	5438	5467	5454	5475	5487	5462	5514	5548	5542	5552	5541	5578	5569	5593	5596	5604	5628	5638	5630	5636	5641	5664	5713	5718	5724	5775	5784	5767	5780	5804	5807	5818	5820	5859	5917	5968	5969	5992	6004	6007	5986	6018	6040	6027	6032	6051	6089	6127	6135	6162	6200	6235	6245	6306	6313	6291	6312	6345	6357	6400	6410	6441	6438	6483	6494	6506	6511	6522	6536	6572	6583	6590	6650	6667	6647	6690	6718	6693	6712	6719	6755	6774	6803	6784	6795	6837	6885	6878	6915	6959	6951	6958	6983	6987	6994	7013	7018	7071	7045	7047	7060	7064	7066	7107	7088	7090	7130	7128	7114	7141	7156	7145	7169	7165	7170	7182	7223	7225	7234	7265	7269	7275	7306	7282	7300	7316	7318	7325	7330	7332	7341	7352	7388	7399	7407	7412	7425	7449	7457	7480	7484	7488	7498	7502	7525	7553	7590	7597	7626	7627	7628	7648	7714	7695	7696	7700	7711	7712	7718	7757	7766	7787	7788	7800	7804	7815	7816	7819	7825	7834	7865	7879	7880	7903	7910	7933	7944	7956	7966	7980	8009	7998	8013	8018	8019	8054	8039	8040	8049	8079	8108	8106	8110	8111	8131	8154	8158	8194	8170	8171	8177	8183	8208	8224	8238	8240	8259	8260	8267	8273	8281	8293	8298	8303	8329	8380	8355	8361	8403	8412	8424	8443	8440	8461	8475	8489	8518	8524	8528	8542	8572	8595	8609	8620	8628	8631	8637	8642	8649	8677	8665	8668	8673	8701	8708	8712	8746	8752	8765	8770	8776	8782	8785	8791	8823	8809	8819	8849	8855	8880	8882	8883	8933	8956	8962	8977	8987	8988	8996	9037	9068	9138	9140	9165	9196	9185	9192	9199	9211	9230	9252	9265	9269	9272	9277	9283	9291	9292	9310	9340	9365	9385	9409	9418	9442	9461	9472	9511	9543	9533	9551	9553	9556	9566	9577	9586	9614	9626	9600	9604	9623	9629	9647	9643	9664	9671	9674	9717	9725	9734	9780	9768	9795	9798	9799	9801	9819	9824	9831	9844	9848	9851	9862	9927	9928	9934	9935	9952	9964	9976	9981	10014	10100	10106	10122	10128	10153	10162	10165	10176	10202	10185	10191	10226	10231	10206	10255	10263	10281	10315	10329	10332	10337	10345	10348	10355	10376	10399	10432	10436	10457	10468	10472	10474	10485	10488	10493	10530	10549	10555	10567	10574	10598	10620	10633	10645	10689	10708	10717	10728	10737	10744	10747	10749	10751	10756	10802	10813	10815	10874	10878	10885	10916	10918	10928	10972	10979	10983	10994	10996	11017	11023	11028	11053	11056	11063	11075	11085	11090	11101	11107	11119	11138	11149	11155	11161	11173	11182	11185	11195	11200	11204	11217	11226	11228	11234	11277	11279	11283	11287	11315	11325	11330	11335	11355	11358	11361	11364	11381	11386	11400	11417	11427	11430	11441	11450	11463	11517	11520	11522	11532	11551	11557	11562	11573	11574	11575	11578	11582	11583	11589	11591	11594	11609	11638	11664	11692	11708	11703	11728	11730	11745	11769	11770	11801	11843	11849	11857	11860	11867	11875	11908	11917	11952	11981	11985	11998	12008	12024	12033	12043	12046	12053	12072	12081	12089	12105	12108	12153	12155	12167	12169	12233	12234	12239	12259	12271	12329	12331	12336	12337	12347	12348	12376	12384	12385	12405	12420	12438	12456	12459	12498	12487	12499	12514	12520	12525	12532	12543	12558	12593	12574	12587	12594	12618	12637	12642	12649	12683	12697	12704	12712	12726	12738	12755	12763	12774	12776	12779	12808	12817	12826	12832	12839	12844	12865	12893	12919	12939	12953	12955	12958	12983	13018	13028	13033	13047	13095	13107	13109	13113	13125	13142	13145	13161	13225	13227	13229	13232	13241	13247	13268	13292	13294	13315	13337	13407	13413	13419	13441	13483	13498	13499	13502	13505	13521	13529	13561	13622	13624	13626	13628	13642	13661	13663	13708	13717	13754	13756	13765	13793	13804	13805	13811	13812	13815	13822	13833	13841	13852	13861	13885	13886	13888	13910	13930	13951	13965	13990	13996	14017	14039	14046	14062	14083	14084	14089	14091	14099	14127	14135	14139	14153	14162	14174	14192	14203	14206	14210	14211	14237	14245	14249	14254	14259	14268	14272	14284	14285	14307	14314	14316	14326	14334	14339	14345	14361	14369	14382	14392	14402	14421	14440	14451
116	57	82	107	132	205	233	261	289	317	345	373	175	401	426	482	510	538	566	594	622	647	155	691	704	668	709	729	757	777	802	832	849	151	924	972	986	1032	1093	1112	1123	1152	239	1176	527	1244	1021	1399	734	1423	847	1459	869	1166	1497	1518	967	1562	1564	1000	1066	1611	1622	1663	1630	1172	1698	1736	1761	1785	1816	1171	1863	1221	1895	1587	1940	1729	1951	1529	1975	1989	1977	1516	2028	2040	2074	2006	1987	2156	1687	1946	1649	1668	2169	2214	1764	2237	1802	2162	2286	2369	2071	2397	2314	2457	2466	2463	2507	2514	2543	2544	2579	2592	2616	2658	2652	2774	2778	2838	2858	2872	2886	2901	2929	2924	2931	2992	2996	3128	3125	3126	3165	3201	3218	3243	3311	3339	3382	3422	3406	3440	3450	3487	3507	3567	3592	3744	3774	3776	3819	3868	3884	3940	3966	4090	4109	4166	4165	4169	4226	4294	4304	4308	4329	4398	4374	4466	4473	4497	4502	4598	4643	4677	4661	4711	4748	4778	4806	4913	4928	4948	4970	5002	5018	5033	5037	5063	5094	5124	5157	5252	5263	5383	5387	5437	5447	5451	5452	5471	5559	5598	5618	5640	5660	5656	5738	5886	5894	5895	5924	5970	5959	5979	6024	6041	6075	6097	6112	6113	6123	6145	6185	6192	6219	6228	6260	6293	6307	6334	6356	6394	6426	6444	6569	6605	6607	6602	6632	6625	6738	6747	6807	6894	6918	6933	7019	7034	7043	7061	7200	7226	7241	7252	7327	7358	7459	7486	7660	7681	7852	7913	7924	8100	8105	8204	8213	8390	8460	8614	8629	8630	8641	8646	8692	8870	8949	8984	9109	9115	9125	9225	9327	9379	9419	9448	9678	9737	9756	9781	9975	9986	9999	10233	10367	10391	10521	10588	10605	10741	10868	10954	10955	10989	11020	11112	11141	11205	11476	11534	11563	11612	11797	11805	11938	11948	12034	12078	12128	12147	12277	12445	12503	12519	12576	12677	12703	12709	12748	12814	12920	12996	13097	13101	13121	13186	13220	13237	13252	13264	13310	13343	13371	13373	13417	13522	13524	13555	13737	13758	13774	13777	13807	13818	13844	14202	14366
115	56	81	106	131	153	176	204	232	260	288	316	344	372	400	425	453	481	509	537	565	593	621	211	646	671	690	667	708	728	756	776	718	801	822	848	873	886	923	746	985	994	1009	1031	1053	1068	1092	1111	1122	287	1175	1197	1220	1239	875	1165	1243	634	1262	1273	698	949	1303	1050	1327	1345	825	1375	1398	853	1193	1429	819	898	835	1458	1079	1105	1289	1496	1349	1517	1135	1539	1547	1561	1563	1610	1621	1643	1088	1662	1126	1374	1679	1433	1716	1209	1735	1760	1257	1110	1777	1784	1801	1833	1839	1862	1876	1887	1894	1914	1691	1360	1373	1383	1950	1400	1976	1639	1852	2039	2055	2090	2106	2087	1907	1635	2122	2140	1712	2172	1945	2031	1787	2200	2168	2213	2054	2215	1866	2236	2261	2285	2317	2144	2003	2341	2098	2348	2358	2368	2380	2142	2382	2289	2303	2412	2204	2226	2435	2331	2438	2376	2284	2399	2306	2352	2456	2437	2492	2480	2490	2506	2534	2518	2533	2556	2578	2585	2600	2661	2650	2677	2682	2688	2696	2715	2703	2706	2739	2777	2745	2752	2788	2793	2804	2808	2837	2812	2814	2846	2880	2878	2907	2905	2904	2917	2977	2993	3004	3020	3022	3030	3096	3102	3144	3130	3164	3173	3174	3192	3212	3221	3267	3302	3297	3317	3318	3350	3365	3381	3397	3421	3400	3415	3498	3514	3547	3537	3564	3582	3608	3685	3683	3687	3700	3743	3778	3775	3797	3821	3851	3840	3885	3939	3967	3985	3997	3998	4013	4044	4077	4085	4087	4088	4108	4123	4116	4180	4183	4202	4225	4249	4239	4266	4279	4244	4397	4407	4425	4465	4496	4479	4495	4605	4629	4633	4662	4682	4699	4728	4761	4779	4803	4811	4818	4835	4823	4862	4881	4890	4909	4969	4971	5022	5029	5042	5043	5048	5051	5065	5096	5110	5184	5198	5207	5253	5251	5276	5284	5295	5317	5327	5354	5340	5390	5432	5458	5448	5470	5580	5615	5622	5639	5688	5706	5707	5714	5732	5737	5761	5773	5806	5839	5823	5878	5892	5911	5953	5961	6009	6006	6067	6061	6062	6080	6064	6073	6086	6093	6104	6168	6178	6213	6236	6238	6259	6292	6333	6335	6355	6417	6425	6451	6472	6471	6467	6512	6513	6525	6529	6538	6559	6571	6606	6642	6651	6669	6674	6676	6701	6705	6737	6735	6745	6808	6823	6826	6830	6838	6850	6895	6939	7027	7032	7049	7168	7249	7248	7286	7297	7326	7338	7348	7379	7400	7490	7541	7575	7586	7598	7641	7664	7682	7703	7692	7753	7779	7807	7820	7832	7867	7894	7936	7965	7994	8114	8284	8285	8310	8393	8433	8459	8486	8493	8571	8587	8645	8657	8691	8687	8786	8869	8891	8916	8928	8934	8943	8980	8989	8993	9000	9005	9017	9032	9033	9047	9048	9085	9097	9103	9105	9127	9159	9154	9161	9174	9177	9178	9186	9246	9248	9255	9271	9307	9312	9376	9377	9387	9400	9432	9459	9482	9568	9597	9625	9628	9634	9645	9646	9707	9716	9842	9847	9852	9899	9925	9926	9953	9977	9991	10018	10024	10031	10067	10136	10189	10209	10228	10242	10260	10262	10459	10482	10501	10556	10619	10654	10694	10700	10703	10719	10773	10803	10814	10852	10857	10864	10870	10894	10937	11072	11245	11269	11272	11314	11337	11348	11436	11489	11526	11584	11590	11623	11680	11773	11777	11794	11822	11886	11889	11909	11925	11926	11934	11937	11951	11977	11983	12021	12044	12049	12077	12107	12112	12122	12129	12150	12161	12211	12216	12243	12269	12297	12341	12378	12413	12417	12422	12436	12466	12467	12468	12526	12608	12628	12639	12666	12752	12756	12771	12830	12849	12918	12945	12957	13008	13032	13072	13105	13111	13117	13159	13194	13213	13214	13234	13259	13269	13378	13383	13511	13565	13594	13691	13707	13739	13757	13843	13902	13937	13948	13968	13974	13975	14023	14048	14049	14050	14067	14075	14106	14120	14138	14160	14186	14198	14228	14271	14297	14319	14320	14346	14388	14452
114	55	80	130	152	259	371	399	452	480	508	645	689	755	922	1030	206	290	1219	823	1041	1538	1461	1814	1913	2011	2089	2053	2170	2235	2449	2505	2581	2599	2719	2827	2909	2956	3012	3085	3095	3200	3244	3282	3328	3396	3420	3472	3542	3560	3624	3631	3754	3759	3848	3963	4006	4058	4179	4201	4258	4284	4370	4430	4464	4566	4685	4815	4883	4981	5206	5513	5536	5696	5772	5920	6282	6288	6329	6476	6780	6882	6929	7073	7097	7366	7551	7756	7776	7891	7901	8024	8058	8107	8209	8245	8262	8371	8415	8455	8716	8781	8901	8920	8930	8957	9001	9054	9121	9132	9179	9266	9339	9361	9397	9444	9478	9491	9713	10283	10309	10333	10401	10516	10554	10621	10623	10635	10713	10735	10745	10763	10794	10820	10835	10859	10906	11079	11088	11286	11305	11360	11389	11397	11418	11445	11473	11533	11553	11625	11705	11727	11866	11935	11980	11999	12003	12010	12045	12064	12227	12231	12232	12339	12410	12540	12671	12694	12695	12736	12762	12783	12799	12835	12901	12975	12977	12987	12999	13014	13035	13177	13180	13236	13314	13339	13377	13432	13446	13449	13472	13496	13515	13564	13568	13695	13772	13824	13856	13860	13875	13921	14013	14030	14041	14076	14079
113	54	79	129	174	258	286	314	342	370	398	423	451	479	591	619	706	754	774	799	820	969	1029	1051	1149	1173	318	1204	1218	803	496	1284	1301	778	1515	1133	1537	1545	1641	1733	1758	1799	1813	1986	1584	1912	2120	2153	1771	2014	1980	2391	2504	2553	2632	2700	2775	2988	3025	3074	3094	3135	3182	3293	3437	3465	3485	3488	3552	3597	3625	3670	3793	3808	3835	3854	3877	3909	3915	3992	4155	4248	4323	4463	4505	4599	4671	4829	5139	5182	5358	5547	5617	5731	6072	6076	6207	6362	6488	6699	6804	6810	6928	6931	6941	7058	7119	7197	7210	7258	7384	7479	7847	8102	8210	8223	8300	8414	8457	8621	8639	8833	8867	8889	9057	9084	9548	9650	9724	9744	9900	9902	10003	10008	10036	10382	10397	10469	10947	11013	11163	11244	11289	11291	11307	11504	11530	11606	11996	12117	12282	12287	12375	12516	12603	12685	12773	12892	12954	13080	13135	13271	13576	13648	13801	13864	13920	13998	14001	14221	14267	14282	14308	14330	14434
112	53	78	150	201	229	257	285	313	341	369	397	478	506	562	590	618	687	773	715	845	920	945	991	1065	1089	1119	997	1259	433	1372	1395	1311	1480	1493	1536	1560	1640	1659	1713	1757	1836	1891	1936	1725	2070	2002	2165	1952	2282	2307	2453	2477	2500	2539	2547	2554	2621	2631	2667	2689	2791	2795	2834	2936	3198	3240	3378	3446	3467	3464	3605	3682	3697	3736	3936	3938	4074	4089	4142	4246	4578	4726	5052	5097	5106	5147	5277	5320	5546	5647	5708	5715	5869	5875	5908	5903	5905	6372	6516	6628	6734	6759	6785	6904	6945	6943	6999	7024	7026	7189	7304	7829	7848	7962	8155	8227	8242	8456	8516	8821	8866	8991	9087	9238	9574	9754	10225	10414	10615	10664	10673	11118	11392	12060	12091	12641	12711	12837	13466	13573	13747	13855	13935	13988	14005	14112	14113
122	62	87	112	137	159	182	210	238	266	294	322	350	406	431	459	487	515	543	571	599	627	652	782	854	929	1037	1098	1181	1212	1245	1309	1333	1404	1056	1448	1249	1464	846	1602	1685	1741	1766	1304	1893	1734	1982	2009	1939	2018	1514	1858	2061	1699	2096	1920	2128	2146	2178	2117	2242	2267	1947	1949	2291	2316	2301	2323	2347	2386	2428	2262	2509	2656	2779	2877	2882	2969	2984	3082	3249	3291	3356	3371	3362	3359	3427	3372	3445	3524	3548	3545	3588	3614	3623	3638	3651	3678	3691	3749	3801	3827	3841	3991	4000	4048	4096	4129	4204	4231	4221	4234	4285	4291	4313	4315	4310	4403	4471	4534	4601	4830	4962	4997	5053	5116	5143	5234	5257	5280	5411	5544	5594	5586	5623	5717	5774	5779	5805	5837	5845	6046	6058	6140	6225	6265	6249	6271	6361	6370	6399	6380	6440	6462	6510	6540	6534	6649	6707	6809	6829	6833	7011	7374	7547	8348	8399	8422	8404	8465	8790	8875	8859	8963	8994	9289	9590	9611	10084	10151	10368	10370	10477	10846	10930	11697	11911	11961	11968	12096	12118	12165	12175	12386	12524	12906	13046	13158	13270	13535	13550	13614	13670	13806	13837	14006	14148	14288	14364	14403	14438
121	61	86	111	136	181	209	237	265	293	321	349	377	179	405	430	486	514	542	570	598	626	651	695	733	781	806	827	836	154	928	864	953	990	999	1036	1058	1073	1127	1141	1156	1180	1211	1225	763	403	561	897	705	1308	1027	595	1350	1366	1380	1403	1055	1427	1198	797	1463	1258	1501	1544	1566	1626	1286	1667	1379	1740	1765	1782	1820	1844	1867	1919	1955	1469	1979	1993	1930	1483	1528	2032	1732	2046	2095	1824	2092	2059	1857	2241	1903	2266	2275	1948	2315	2346	2385	2103	2270	2151	2401	2377	2414	2440	2443	2332	2461	2470	2501	2538	2555	2545	2557	2550	2551	2583	2615	2654	2649	2679	2701	2744	2741	2821	2806	2842	2852	2885	2873	2896	2922	2937	2915	2923	2930	2987	3081	3193	3215	3216	3219	3245	3248	3234	3272	3343	3355	3386	3402	3426	3454	3499	3503	3504	3523	3587	3571	3617	3579	3622	3650	3677	3690	3669	3686	3695	3688	3698	3748	3826	3844	3845	3866	3890	3906	3944	3984	4047	4082	4092	4120	4128	4144	4168	4194	4230	4220	4222	4271	4312	4314	4333	4318	4375	4402	4404	4422	4500	4503	4540	4580	4588	4593	4600	4609	4708	4789	4796	4871	4896	4905	4933	4954	4958	4974	5054	5146	5154	5230	5269	5282	5368	5375	5399	5463	5476	5500	5503	5554	5642	5680	5695	5716	5836	5838	5844	5841	5883	5926	6003	6014	6022	6057	6042	6069	6100	6102	6120	6232	6247	6264	6266	6303	6340	6369	6326	6398	6439	6609	6611	6636	6658	6742	6749	6811	6966	7214	7464	7499	7546	7646	7642	7708	7701	7717	7844	7854	7906	7942	7945	8104	8217	8246	8322	8421	8416	8464	8584	8592	8622	8659	8681	8730	8874	8966	8975	8982	9019	9025	9039	9040	9078	9096	9104	9133	9175	9191	9219	9279	9330	9443	9681	9699	9752	9815	9876	9931	9996	10013	10033	10046	10142	10232	10249	10356	10396	10447	10578	10581	10587	10596	10614	10618	10652	10663	10688	10696	10723	10731	10790	10821	10837	10850	10876	10921	10967	11043	11100	11153	11154	11260	11288	11383	11477	11479	11607	11678	11766	11782	11791	11802	11846	11901	12041	12104	12162	12215	12267	12363	12373	12380	12448	12453	12476	12501	12643	12723	12927	12944	13040	13089	13128	13148	13420	13431	13439	13493	13730	13735	13761	13912	13913	13934	14000	14059	14072	14090	14154	14161	14428
120	60	85	110	135	180	208	236	264	292	320	348	376	404	429	485	513	541	569	597	625	650	805	826	927	975	998	1035	1057	231	278	1179	1210	828	1290	1307	1402	1462	1521	1551	1049	1625	1666	1739	1819	1837	1843	1898	1695	1507	1954	1992	1519	1937	2094	1823	1594	2176	2217	2240	2265	2345	2038	2384	2269	2121	2426	2442	2558	2639	2678	2861	2870	2998	3003	3247	3271	3342	3354	3369	3385	3401	3429	3526	3551	3586	3612	3649	3676	3699	3747	3825	3818	3943	3947	4045	4229	4214	4250	4283	4296	4311	4401	4576	4752	4788	4885	5112	5141	5156	5278	5343	5436	5597	5733	5741	5777	5925	6010	6153	6155	6180	6196	6246	6337	6339	6445	6485	7177	7203	7359	7439	7545	7707	7883	7902	8103	8270	8319	8633	8695	8828	8895	8924	9122	9163	9264	9422	9736	9857	9858	10050	10130	10674	10840	11486	11497	11654	11699	11740	12198	12360	12390	12482	12854	12871	12973	12995	13375	13659	13964	14177	14377	14378